0
0.0033655264628887635
0.0036176676322063014
0.003649435153449115
0.0033841596078243016
0.0027178052575537568
0.00262222544997754
0.0012023902675569835
0.0035154798444880053
0.0027917617944582494
0.002807678311740433
0.0019223431476477733
0.003371493126571964
0.00337031898131054
0.0019321821666737045
0.002423866614128571
0.00084000091091619
0.0010604698094645397
0.001818012682207869
0.0030125879967664378
0.0020168779834000925
0.002568676584635769
0.004033258614265503
0.002176561281018817
0.0027109542284266923
0.0034869340674802116
0.0027560157771330893
0.003527820676735261
0.0028682662851098463
0.0038949045537143893
0.0020382760251968497
0.0029012485504112113
0.0032506597724320857
0.003254007963960519
0.0022686831143129316
0.003528859502213241
0.002841886969821132
0.0007555725854537759
0.002481661799535039
0.002330062628276873
0.0016804011059676925
0.002309865807146604
0.003104883873969842
0.0036312416260841566
0.0017078311816645256
0.0028072862049229237
0.004034413526258214
0.0034411067405989287
0.002206986680729261
0.0025270548323397604
0.0037680764873744372
0.003406430817123875
0.0018791099078841395
0.0006350453608409109
0.002738309564127863
0.0035317325862109696
0.0032592446793025696
0.002455175656604255
0.0007304542799659852
0.002749283274455515
0.0014109111848199123
0.002451773070987743
0.0025208452198448496
0.0018095719103689897
0.0019044739527248598
0.003126771305144161
0.0027637390936692007
0.004043168327002328
0.002916768023764497
0.003659866454116035
0.003974860113847378
0.0013760360023913182
0.0030408862313023597
0.0023943397830012755
0.0032443386098407337
0.0031515582946816238
0.004055018768139276
0.0025665791995447234
0.0037098113605161377
0.0028798182528200506
0.0017886008356892843
0.004062185679377155
0.001536226920923572
0.0006347866275832259
0.003971307339871386
0.0028786876543121184
0.003793438414265924
0.003915995664597937
0.0013513242286725719
0.0006071023979784011
0.001205257970818822
0.004057502034994342
0.0021838165164639097
0.003608428107297126
0.0028922497418807703
0.003566082517229714
0.0012493368447452395
0.0023912504964561407
0.002534777605078096
0.0011696337212641068
0.0016238870079484612
0.0032471651561972016
0.003342422727814904
0.0017447254566148734
0.002706356539868674
0.003228229373488791
0.0022330220009931833
0.0032646740135411044
0.00243132482924883
0.0030366044248551554
0.0023665332561386976
0.004231889967930258
0.0013997033409287101
0.002228438243675561
0.0029722238626904863
0.002959030470014035
0.0031737826801305803
0.0007769657044496123
0.001250571666390103
0.004060770087903138
0.003396977207616526
0.0035351639501782117
0.0037524689187814217
0.0019601218095076866
0.004212536147836697
0.003318541877098051
0.0029289839256279255
0.0016690864487448884
0.0007430340970253726
0.0022893032104595624
0.002009459551380297
0.0019533079088893093
0.003922175497009372
0.0032242117382770327
0.0011030503201712302
0.003815137777272516
0.0026583642771219403
0.0031571718332615815
0.0033881155362989394
0.0018839949864115969
0.0037429868028222312
0.0030067062513991164
0.0036018463224663398
0.001631646258069199
0.0017102409499570098
0.0033809831419093763
0.0032624649352489396
0.002998371262538158
0.003533670395275663
0.004118849636615107
0.0017370770267567193
0.0019177730711373605
0.0033726614904044
0.004196663892831395
0.0023744723315977136
0.001081763785539511
0.0033994031181166806
0.001615455738260196
0.0021657983209503427
0.0027344322430528085
0.0019406563105234757
0.0016691135813918228
0.003395236997491109
0.0029546407340187413
0.0036120982843508864
0.0029854696889209283
0.0038525390434758105
0.0017008009640149995
0.0040245546443029865
0.0015473747753337887
0.0031524925392609777
0.004097278380916192
0.0015901650202564434
0.0015279850073451346
0.0020968742425034833
0.001944587510509768
0.0007635312662536676
0.002887950448041924
0.0034807844587767542
0.001861434419453263
0.0038900902833815683
0.0011509041810175192
0.0021766622556795598
0.0022967482313285166
0.003458462991114294
0.0031629249847653206
0.0017335552206330295
0.002339297373489806
0.001205222824309924
0.0009724977542417779
0.0035608764835306107
0.0035219084500715423
0.0008435904341734732
0.001392397217460148
0.002382990494446414
0.0028723410190880957
0.003026240097177504
0.0030299814258771276
0.0013720611268573236
0.0030210277954935074
0.0033468253146102757
0.0015769315010283028
0.0014733256604355304
0.0018062567474002207
0.0030360708733739865
0.0017742872768359216
0.0015927974594277762
0.000920368269070371
0.0031209358398296802
0.00369576924261586
0.002931749394907856
0.003496498153798917
0.0010993654319565792
0.002562437764476094
0.0011748426170567687
0.0032475470167197718
0.0033123327368485772
0.004085766353721596
0.002688530873811168
0.0031286885071352337
0.0025485169707217593
0.0018981267450821258
0.0032678161915751995
0.0017028119854329187
0.0009667032741070543
0.0018017259960553013
0.0015204647992783998
0.0034652789524400335
0.003478343092971384
0.0007675781520615932
0.0016507335600105947
0.002113325670761276
0.003161562399264007
0.0018497317195858025
0.0010318025079642538
0.0007709491258547519
0.003970895656333936
0.0034918435882866582
0.0023088806173019094
0.0029651978236975556
0.00264608757186967
0.0025112653490801692
0.003705310775637324
0.0008143240392495296
0.0031291876562518296
0.004021875953699749
0.0015925085024621137
0.0027316341602167797
0.00405557950950925
0.003058978297450671
0.003329981894018716
0.0015100434586970634
0.0029728296820340063
0.003332840667548652
0.0005529728818283396
0.0034837254888755603
0.0007174905989185366
0.0025182689492596016
0.002969422102064235
0.002977474258839746
0.0010946035951777493
0.0027578475170105064
0.0038617482301932663
0.0027863518652140413
0.0016549154221507374
0.0026071946647888947
0.002647612053481927
0.00240038667116692
0.0037703149879883832
0.0034486722269857586
0.003596980591691338
0.0005429596757884404
0.002296485519760785
0.0009258992076302314
0.0022957217414737736
0.0025839118950301025
0.0008790505140416748
0.0032985205595447865
0.0025327604587799617
