0
0.003207086
0.003557198
0.003439225
0.003200822
0.002219232
0.002020844
0.000824879
0.002977465
0.002799682
0.002573863
0.001552302
0.003242333
0.003033954
0.001631306
0.002316641
0.00053055
0.00079427
0.001656159
0.002796708
0.001566291
0.002383827
0.003749821
0.001854664
0.002242332
0.003045589
0.002356498
0.003064829
0.00270318
0.003377618
0.001827772
0.003058703
0.002964649
0.003059935
0.00168946
0.003325202
0.002413706
0.000455767
0.002040231
0.002116162
0.001395904
0.00210358
0.003062981
0.003039206
0.001545151
0.002755758
0.00402282
0.003157888
0.001729085
0.002117103
0.003466809
0.003025437
0.001569706
0.000349191
0.002630811
0.003408141
0.002731741
0.002311064
0.000424056
0.002763514
0.001088847
0.002119699
0.002181502
0.001598594
0.001667315
0.002981483
0.00228315
0.00378842
0.002811533
0.003344005
0.003647398
0.000980922
0.002706609
0.002496746
0.002598174
0.002896686
0.003938958
0.002503019
0.003481645
0.002639763
0.00164662
0.003932943
0.001101666
0.000260981
0.003879921
0.002777995
0.003347238
0.004146642
0.001111445
0.000315482
0.000897736
0.003833005
0.002087412
0.003313029
0.002784824
0.002919951
0.001012939
0.001967404
0.001682989
0.000893215
0.001437008
0.003291015
0.002888715
0.001551568
0.00233607
0.002649737
0.001955991
0.002952644
0.001683111
0.002968578
0.002070977
0.003965531
0.001202573
0.001569466
0.002148538
0.002692733
0.002940114
0.000398341
0.00092493
0.004048739
0.003093843
0.003506466
0.00344367
0.001607552
0.004008009
0.003138682
0.002717199
0.001384509
0.000488109
0.001722841
0.00151486
0.001575904
0.003516036
0.002805935
0.00074505
0.003560878
0.002207231
0.002885784
0.002827727
0.001560076
0.003621033
0.002796134
0.003571376
0.001328974
0.001494521
0.003128391
0.003060598
0.002887384
0.003127336
0.003720033
0.001721607
0.001691878
0.002914057
0.004054798
0.001998542
0.000952359
0.002963897
0.001426049
0.001935171
0.002605501
0.001799617
0.001329095
0.003054025
0.002723289
0.003194091
0.002648118
0.003842153
0.001458536
0.003812621
0.001390636
0.002662044
0.003743065
0.001378939
0.001178145
0.00164438
0.001787615
0.000499739
0.002730573
0.003277427
0.001727074
0.003239755
0.000897609
0.001922598
0.002052607
0.003183367
0.002710149
0.001427736
0.00209037
0.00097754
0.000691507
0.003269472
0.00324634
0.000576311
0.001177042
0.002131397
0.002526395
0.002678621
0.002764377
0.00096001
0.002703252
0.00294018
0.001277629
0.001294683
0.001463982
0.002847941
0.001562055
0.00145958
0.000835454
0.002968387
0.003644561
0.002491681
0.003448762
0.000780594
0.002138037
0.000843899
0.003067285
0.003259907
0.004021937
0.002364224
0.002642217
0.002117453
0.001541326
0.003120649
0.001361803
0.000651891
0.001491885
0.001256815
0.003124289
0.003258328
0.000451139
0.001334832
0.00205398
0.003152947
0.001708857
0.000800421
0.000505624
0.003455952
0.003020745
0.002007612
0.002880592
0.002402913
0.002177324
0.003320406
0.000422939
0.002637473
0.003543416
0.001298619
0.002420293
0.004008839
0.002676163
0.002995498
0.001208783
0.002552452
0.003458676
0.000240187
0.003284229
0.000559558
0.002529903
0.002591051
0.002815996
0.001069489
0.002683492
0.003835366
0.002217927
0.001259484
0.002194879
0.002472348
0.002186655
0.00340369
0.003055692
0.003826934
0.000219593
0.002055352
0.000640166
0.002070376
0.00238324
0.000582264
0.002614945
0.002508447
