0
0.001895735752123385
0.0033632047325941375
0.0030327366488621184
0.0014437672174848811
0.004036329869621219
0.0014436482688765914
0.0025739227448865623
0.003434533542048818
0.0033013899800627597
0.003622443893936666
0.0018463533043493916
0.0030589124979197614
0.0033662866349378913
0.0035530867807344107
0.002967104779393689
0.0013486516057076782
0.0016820131515435616
0.002930077531576615
0.0036634372020395746
0.004161089672672083
0.003381906796742564
0.0031819086216780287
0.0031570836235381094
0.003128021124159271
0.0027026639776656695
0.003038148982264916
0.0038554051439652565
0.0031726403613495263
0.0034382097867409226
0.003470513778800335
0.003491967116244642
0.0006316646559296536
0.0015719862612942467
0.002678006297515178
0.0032751579767294997
0.0037099147393354695
0.0037405732565662497
0.0024222234003538506
0.003257569266975316
0.0036023854264090123
0.00407794310718889
0.003155805813247998
0.0025968022492405835
0.002945627572089105
0.002825187770123983
0.0014883711138536633
0.0027992534102103356
0.003235943345289434
0.004016561274929166
0.004105004201784166
0.0028628771203544046
0.0019488472788365722
0.0029235216200715975
0.0037364233353902195
0.0019138816542515306
0.0011357704606340432
0.003148833925065193
0.0019191307338377534
0.0037100969974532723
0.002852636377876607
0.0027753297640395495
0.0031621028197697165
0.0037839140538058107
0.00259023393055999
0.0019493697826366053
0.002742944381194568
0.003490581748478603
0.003569167739601996
0.003942272202106967
0.0008130998645927035
0.0033951305848526057
0.0027121163135413844
0.0016748679922167279
0.0021252614595281376
0.004049153880503014
0.0013482841128947714
0.002381970186713757
0.001797058322154545
0.002843894198965086
0.003663024831599671
0.0011723000476231717
0.003285811604824041
0.004149666942796511
0.0014516407223804728
0.00322004699145637
0.003399100766553164
0.00372558767814536
0.0037611211420924004
0.0033965008407646556
0.0012392168253737381
0.0007435672478134433
0.0016247075129298017
0.0033884939623092395
0.00284180167943309
0.0011820827978897435
0.0029545198678077676
0.0014066131216812958
0.0034698267618625614
0.0017464450596666697
0.0031845251476091763
0.0038302855791563
0.002713326385232201
0.003581679209867207
0.001960305269704784
0.0027953139960155303
0.0037530490079038517
0.0036819982222174395
0.002873668071697881
0.00325314052064482
0.0032299787995554666
0.0026571731757449903
0.0030976422334691523
0.0011164003838490715
0.0040908663754752935
0.0016380413199162307
0.0036489895827239334
0.003090686487494018
0.001806237170680281
0.0032321036178132702
0.002879619695079432
0.0005589148170231954
0.0011028029208040367
0.0018912659061293897
0.00309456628428
0.002489878569621565
0.0021318367187856103
0.0007783535908579826
0.0022840432549178172
0.0022752750023339787
0.0012765777932997292
0.004049947481804905
0.001217035600295643
0.0026866292272985856
0.002887253156188275
0.0036233443085701587
0.0031482405558286523
0.002903525374457905
0.002354150293874261
0.003138691237912709
0.003296212910750468
0.002930182942482373
0.0013813315623769304
0.0019479280888693357
0.0039338599367199295
0.0021188088123587096
0.0016109125654292327
0.00413498726493515
0.0029105851861548253
0.0031701780450193087
0.0030808735135194683
0.0027468800603572797
0.0033229272913320716
0.0013291790659733134
0.0028485055182436766
0.002883544927600655
0.00286174750926875
0.0029569146101090698
0.0011528615095602814
0.00395941980600192
0.0033347061801300587
0.0027263674501342367
0.0009743394542047782
0.0023153607978113697
0.003380257772917919
0.000835468614040749
0.0026660762043144975
0.0007318837239728244
0.0027580629754135875
0.0022081970314741994
0.001999703246858205
0.002097259423054581
0.0018729038586957087
0.0034916262981436997
0.002552036973726507
0.0028361429913272476
0.00041224786297339513
0.002691777661364825
0.0018355672185649647
0.00367423347687707
0.0031907032055226055
0.0010062469890644724
0.003562267403758153
0.002198218914701327
0.0038002009689258624
0.002418223796331511
0.0025218921164266643
0.0005193913656881713
0.0015292123875467463
0.0019171748935836415
0.0016072364924627418
0.003967498007828813
0.0009343060922813783
0.003557168297874394
0.0013832797322203057
0.0031347361108242677
0.004185488791290502
0.0020112838498144614
0.002724312788944785
0.0021093822210145534
0.002164299614279389
0.0027814296080912594
0.0030305231629458736
0.0007239538930760021
0.0031782382728986545
0.003907143667156577
0.0006349191997568537
0.003023579838456783
0.003671357301818298
0.0004709271920114756
0.0030337497727399437
0.0034531723539296027
0.0003903091144615732
0.002670968838768949
0.0028378592314191125
0.0029805764248058936
0.0022268972638827484
0.002075868135798622
0.002345743409223114
0.0018226485296282552
0.0013774316736941677
0.0030376556718191795
0.00153187962977575
0.0034760264572032927
0.002918785255925438
0.003065934758949195
0.001382336386183436
0.00409102676719831
0.0029696679559009067
0.0015210502691367191
0.002737042043064094
0.0006047740276267197
0.0019286652261090642
0.004068307926466193
0.0012538931832065715
0.0020062842303027947
0.004069366328664113
0.003996341957743527
0.002542575922775907
0.0035770676330001967
0.0020923189916377035
0.0012193217261464017
0.0015835606821284168
0.001092322277644169
0.00399797770145406
0.0010428509904861208
0.0028426810004370568
0.0030605639259029954
0.0029443043689951556
0.0014748864172948318
0.003656472011155697
0.0016484543031843764
0.003272064225318414
0.003360418198305617
0.0017619326492977142
0.003701605852767764
0.0023273613843763953
0.003416953819268408
0.002199305823351089
0.0018320720299113686
0.003997816279377363
0.00117848297109565
0.004115241910442792
0.0015631465136133175
0.0017548826259607636
0.0038627614113129626
0.004061795747750749
0.003195887601794407
0.0007073113914522464
0.003654434887444525
0.002504797489883478
0.003874067367771349
0.0033237054373287467
0.0037298212869370396
0.0017553488037595662
0.004099088025431337
0.002219258965835791
0.0019511762788488366
0.0027709024630663006
0.00230960959253125
0.0027244690449426093
0.002570412730588333
0.0032674446918313105
0.003341108511694729
0.0008721496630209914
0.0033373501821593677
0.0035801013949302973
0.0016221121664909866
0.003751473711609273
0.002577403623072366
0.0034386507208745394
0.0020210497137290386
0.0029126299802767343
0.003111073237152827
0.004090515482805026
0.0024638687219903127
0.003976770618539524
0.0028423116043319336
0.0026225695487532234
0.003598946678240389
0.004139241595284193
0.004125325523984229
0.0016312721251992366
0.0035948818757267874
0.0027884233340479147
0.0030372316812794283
0.0018151520196961844
0.0029774760905796234
0.002924791931676586
0.00395325588683067
0.0026699919776165095
0.002464745953665982
0.0034016119674413607
0.0032558422224802674
0.001906385602254429
0.0026919261753995736
0.00337958466575484
0.0034594470933634364
0.0026267008090792524
0.0028295779497437786
0.002475598096569738
0.003258669055046091
0.0042163326577001285
0.0032026700766255123
0.0022634988039039365
0.0014968231050992917
0.0036404480651917965
0.003199550623614271
0.0011768044104654822
0.004162603834648252
0.0038525166046623122
0.0011772873028906663
0.0018099040849473848
0.0013562970589885315
0.0035993651163186363
0.003909474327183106
0.0023822695044581014
0.003280525546989043
0.0033185638007347086
0.004080756659640603
0.002722120468210405
0.0030518620738897127
0.0031072606995654686
0.0033525784088721438
0.0019903735087600668
0.0036354132991712313
0.0032559071920040448
0.004142660308797907
0.0024413653110403415
0.004184943505225743
0.0030882507313920227
0.0040826272095066726
0.0007310525720034466
0.0035559734882974776
0.002181014011693333
0.002751358049007449
0.0031101112875078275
0.0026062771241030713
0.002543600695374515
0.003161503211169218
0.0028382124710060984
0.0037057224591747736
0.0028886067833367507
0.002397022280188946
0.0023644004240189302
0.0015686157454360573
0.0010467623275431175
0.003291370420175161
0.0024972824908270196
0.0024112044689479748
0.0024428766967857594
0.003925288882382269
0.0020950059250703893
0.0017843114733150857
0.0028453157292832364
0.0008492526855857958
0.004203524331091033
0.004003965201178367
0.002609347592383059
0.0014131596455194415
0.0006162640739427864
0.002896209205040953
0.0027367939925706155
0.002368150052789874
0.0024317003359237005
0.0030774017367911806
0.003922642476194371
0.004076145254499206
0.003311181373851878
0.003334220769062543
0.002391095285122465
0.0033842511375763015
0.0032903658253361397
0.0026140468781071687
0.002732684190791041
0.0025526218425451796
0.0009312017511241262
0.0019158862645798787
0.0036802916130703987
0.002610829555806696
0.002826527859569927
0.0019481705654356089
0.002890663555320202
0.0027952346874030253
0.0008795629432723823
0.0012160864155879142
0.0031487524698825195
0.002104866581523622
0.003628509013638278
0.002939591159185884
0.0005611170262908196
0.0037893231816638227
0.002018334846263222
0.0022605250886966926
0.0007445524949000089
0.002149936026030624
0.0015613337780371287
0.0017115224809687475
0.0031497386328390234
0.003827810326163198
0.0031721815105102335
0.003388634777312316
0.004114052424359894
0.003917912007960942
0.004170710886378215
0.003267793065859247
0.0018297371339863738
0.0015904199755506314
0.0020644947484159985
0.0015129431029230144
0.003447013357559273
0.002647460546770601
0.0024631594952065254
0.0032379339886012166
0.002497097599583143
0.0021968417325228654
0.0030410936472225415
0.0025689883524870924
0.0022804733656223456
0.0029053018759296434
0.0014134602798268226
0.001421832132452814
0.0006558555286207595
0.0026844459937112536
0.0039215610627642405
0.003646960816325952
0.003852214596550023
0.0020529516388853577
0.0015762565048834747
0.0025128371679310744
0.001832805985183501
0.0024655955088969408
0.002604401036085966
0.0016551391233832668
0.003317797561047237
0.003621783551710857
0.004143550305410846
0.0013673399318070239
0.0033487088011392293
0.0024674457378987455
0.003860268413339798
0.0006552093823790008
0.00210605950211879
0.003618267126323057
0.003207804786953139
0.003740696555556748
0.0034559188761501755
0.002860617468869062
0.0032238120182906576
0.0021409862594733075
0.002488652448741119
0.002290832999466561
0.0026379668393324983
0.0038998888324045826
0.0034746623261714574
0.0033593917370718096
0.0021965461355001473
0.003754990308722686
0.0022176696452827762
0.0015705338060551975
0.0038867928081509906
0.0034929254596517577
0.0036492636568030918
0.0019197591923413209
0.002275882052377729
0.0012124239661867615
0.0014592000838870877
0.0030474780907024713
0.0030545831234776158
0.0038804072484545735
0.0027595997765498047
0.003478870977507307
0.0010875557470319032
0.0005141029036945838
0.0017865934777511199
0.0022768158962639846
0.0028012897182248435
0.0016977874084654217
0.0032497947332749758
0.0041041330949887125
0.003446947701133042
0.0034430706519568755
0.002141088722422701
0.002773443043344874
0.0036924812695358963
0.002829650675541099
0.000578592282656346
0.003358347416374197
0.0028659638310153364
0.0019307781952995356
0.004027301452732916
0.003709661844748644
0.003051737200747757
0.002198371464287993
0.002741988814018204
0.0014943910124770514
0.0032129634816247853
0.002411108932264993
0.0014023326890389997
0.001696791628874561
0.003597943972383117
0.00044426804983555
0.004138339806845792
0.0022680053991792227
0.0014239797329753429
0.0020114634748061907
0.0024516266033498884
0.001246743444530044
0.003080918677355821
0.003200771192033214
0.0024492213857861623
0.0004386789535345821
0.003468349520893296
0.0017530825980799744
0.0029972767979614015
0.003502105453014917
0.0024955678391970796
0.004181686442756212
0.004161922999832565
0.003994873703748035
0.00276371861538979
0.003214220112422564
0.002887824959549853
0.003572192800767679
0.002093962291275231
0.0036980688775482143
0.0025202788115296294
0.0018697205809981143
0.0015316323448922988
0.002798552826949095
0.002505596328816581
0.0028560659387249078
0.001603368773711576
0.0013193662064825064
0.0020589257440118106
0.0037812101767792585
0.0030908165410253145
0.002854605512555298
0.0034352111140778492
0.003163114684326376
0.001108072836431365
0.003897595494078057
0.0038425540004365264
0.0032099341273187647
0.0007903544636323639
0.004062736117210318
0.0032502751070578283
0.0027895644221287387
0.001229154620292118
0.0019191942723147514
0.0029971537279383877
0.002583904482207786
0.0012216086533833566
0.0026883555276493087
0.0025506502035346247
0.0038159422545299294
0.00293712019933312
0.0028955767396064034
0.004118088892147267
0.003771288901184457
0.0009946855048931862
0.003978259594092379
0.0026161428607723706
0.0004976760894413942
0.0010486252069984506
0.003581433527756149
0.0021545400469706404
0.0024973943128223488
0.0030061025213838945
0.0005832416964001996
0.0027153892105435283
0.003709775870556013
0.0032828073224575927
0.003825382927374394
0.0024416988880445805
0.003769348516235561
0.003887657389373132
0.0021782825440848775
0.0032429163783096616
0.0017949671621169888
0.002795591275639474
0.003577976347705009
0.0031529357630694413
0.0035632168746752377
0.003335215003122882
0.0007927277116110422
0.002243618186870006
0.0024102634125859517
0.0028298606101036126
0.0037221868240954505
0.0008189412830617859
0.003382636974051199
0.0034266776104076753
0.002570122514301505
0.0015241724697577762
0.0028690066228506143
0.001347937341639228
0.003265005386733303
0.0030134889551977065
0.003171303935383337
0.0013792714274335482
0.0032253913215162184
0.0024301648227295844
0.001705046593599625
0.002837579032459739
0.004026479802914151
0.0015543392793152125
0.0038433640873973144
0.003322969077898025
0.00240869922121438
0.0016469962382419526
0.0032697220596757805
0.0032274182561743223
0.002879226643771048
0.0018726734601642525
0.0037062502292269546
0.003096139920560315
0.0017675608990385624
0.0009626630283561845
0.002887020754191328
0.0006926261038875106
0.001748466270137657
0.0016369202951112517
0.0010160108495135584
0.0012208927865425137
0.00400162824454601
0.004135375135854193
0.0033800045348798663
0.0007132476024599851
0.0041375076245227325
0.003761375296000392
0.002226077445803862
0.0033260998647997577
0.0014386058324452897
0.0035198799126410453
0.002092331527607489
0.0034551767925323374
0.0028587465755517652
0.0031939701708358498
0.003542492970395241
0.002936536475351871
0.0030679354768303035
0.004100128568165452
0.0027642852812934304
0.0038139577933402327
0.0035521574017141062
0.0012664181625533788
0.0032163799627055235
0.003828757106712338
0.0023005116840113474
0.0009654391446241521
0.002801217622088106
0.0030368666784879174
0.0022451845534326824
0.0031021210091950503
0.0037314373394438907
0.002517679171950477
0.002892367259442281
0.002809008841793892
0.0031402187944867322
0.0020422005851260866
0.0031456705675387653
0.0031808870260032706
0.0033984474650775092
0.003174953619847219
0.0036496573663929942
0.001999941602009754
0.0006799071890811817
0.0036446979306748884
0.0024616319672534377
0.0011033678980724773
0.003124913749182847
0.0024810611176494563
0.0036769872688152813
0.0017944581673985517
0.0025165883708534753
0.0024143412090043086
0.0011034221633663458
0.0034296580801557175
0.0009015185208943279
0.004061768958555042
0.0031913684133074638
0.003241306565166768
0.0013947244429744063
0.0020956812646664444
0.0020341819720870805
0.0020842498912683263
0.003207568492508952
0.003022039516945489
0.003177345299708414
0.00232022252165539
0.003443273517148299
0.003984711668843096
0.002586286845954448
0.0019642986343631663
0.0036398281357270332
0.0030505100495136304
0.0040132172048154575
0.002092036216794127
0.00191670436540263
0.0025783942508948213
0.002534006614315317
0.003043864067924328
0.0023314437601444455
0.001953693089440407
0.0012396977715753025
0.003695674564560946
0.0029854624192032896
0.004118709966449453
0.0033631996953094744
0.0018277395071663084
0.003000290582478464
0.003619851982010121
0.0015968166401700559
0.0025160430847887163
0.0030384892279471465
0.0030760041765065826
0.0008187510110820191
0.0038744226108238253
0.003414598545237277
0.0026905258102632884
0.0031423959318147847
0.003883082847996768
0.0041325094932997165
0.0033728032785192864
0.003818032040762577
0.0006497320222105547
0.002993574450976044
0.0039102480083138295
0.0005147861426688604
0.0023760316860311718
0.003948659593543262
0.0016651384768903434
0.002804495248699855
0.001906405865876823
0.002910241505960325
0.0036230767600643134
0.0032153208163632784
0.002991957911913288
0.00243907194409288
0.00262879973970082
0.0038857033808588973
0.0027937442092510517
0.004054808690472085
0.002417461234434261
0.0041552713799189525
0.0022656520141298405
0.0017059960072748387
0.002180533065491769
0.001483293988848433
0.0035817938080932882
0.0034494858057006876
0.002281204687768404
0.0027506454878846657
0.00370245795526199
0.0016120042823961733
0.001048020389387676
0.0025728628543999917
0.0029990365275648877
0.003079748996960348
0.001698454619715771
0.002765529411897593
0.0018312090514616206
0.0030496256339831293
0.0019159919330740574
0.000902804516772017
0.0012080446195910847
0.0035809046128665446
0.001210935563052618
0.004014104568302323
0.003188664364555298
0.0026596418745438435
0.002570634628701921
0.003459308568035207
0.002624172478561109
0.003772624468522579
0.002830504294944911
0.0023789948687341204
0.002486421961989137
0.00038212238204694306
0.0027295964283107262
0.004070257584598219
0.003786580838099845
0.0015328151909181408
0.0006612422176652732
0.0038269109418833866
0.0018082317064393033
0.001815262496507541
0.003064652827244359
0.0005398132046140073
0.001819771782150772
0.003943351898280961
0.002145809459538031
0.0018358939551655989
0.0035254142857131755
0.0028756217367608885
0.0031598453720964137
0.0016146119930791607
0.003078396829479587
0.0025135880381761374
0.0037419108846117335
0.002372538329117453
0.0008760228769917895
0.002280821109989699
0.0031387144781124037
0.0036755969782483215
0.0040277886955403085
0.003080514492503495
0.002616144993032072
0.0034395410036968353
0.002165899868029797
0.0015986083107376542
0.0018805313952708863
0.001577353259135078
0.003642681185069852
0.002505981509367679
0.003459151782550074
0.003760215690174245
0.0010846432806268104
0.0037057668788668015
0.0026423063455858413
0.003043263085518922
0.001602433784987897
0.0022019448453376063
0.0027513635728480166
0.003116908988676664
0.0030551419186239702
0.002994047268831902
0.000643988601824914
0.000555523808575127
0.002936808660449281
0.002999403505200954
0.002311201946903437
0.00322489011169226
0.0029601397029935536
0.003041636672233389
0.002585125022005793
0.002999704482959562
0.0030166702294298106
0.003241728437757286
0.0037157617675079263
0.0030425135318368954
0.0015109256704155243
0.003028906595262182
0.0023796164009712763
0.002280157390493491
0.003199160234052897
0.0030511819832183505
0.002070213669280779
0.0028368846313205844
0.0013706337435578466
0.0015236476762828962
0.0027593776208477967
0.002206617899974253
0.0026049872357781427
0.0018539439199176649
0.004067238991763978
0.004014867373477525
0.0024101254024345626
0.0028289486898540146
0.003872828081260534
0.0033554087904339802
0.0027363403221206633
0.002568780478631941
0.002262951800583043
0.0016805921793336556
0.0030158021564535282
0.0032137210205478396
0.0038195859285973383
0.002836392880715837
0.003815605672327454
0.003087557704057776
0.002263930808305651
0.0037380959428657858
0.0011150349362541996
0.003501751927218576
0.0014007216738168115
0.0019508533202116994
0.0020784075569293048
0.003352891464665569
0.0013589387713429937
0.004167542663292737
0.002863197789316695
0.003308110175738033
0.003067611945774455
0.0033681073843760435
0.001877733412608132
0.00133872609421441
0.0013374260168364136
0.003134635708582237
0.0029620672657633077
0.002241991830826345
0.003493231646420642
0.001017693073623481
0.002597890288417301
0.0028904611909951507
0.00250893793752983
0.0017679522044698754
0.002963654926302059
0.002928326531358482
0.0029431306530477656
0.002556511542174874
0.002873976748488161
0.002988619938058858
0.002126538983608894
0.0032703081019528116
0.003951083901271022
0.002831726551999053
0.0018870317821608694
0.0020453633702338025
0.0019472634535031893
0.0029943703419527817
0.0016908098533373716
0.004089592743841778
