0
0.001251824
0.003428642
0.002668452
0.001078469
0.003504437
0.001305428
0.002209177
0.003043411
0.002908584
0.003273208
0.001532083
0.00233163
0.003089721
0.00296363
0.002821336
0.000954728
0.001515437
0.002450806
0.003154195
0.003932662
0.002952955
0.002639909
0.003258956
0.002929298
0.002380344
0.00293437
0.003962899
0.002846229
0.003314139
0.003140557
0.003185382
0.000432619
0.001057992
0.002137337
0.003012018
0.003040833
0.003496312
0.002424316
0.003140885
0.003148021
0.003581615
0.00261563
0.00244551
0.003156547
0.00247658
0.001244314
0.002637935
0.003109471
0.003743434
0.003872405
0.00241973
0.001767045
0.002620036
0.003256955
0.00171511
0.000936676
0.003249958
0.001746369
0.00323878
0.002653398
0.002504269
0.003048314
0.003532515
0.002138863
0.001702029
0.002800386
0.003370978
0.003398302
0.003927443
0.000506764
0.003198283
0.002347536
0.001383615
0.001791054
0.003766783
0.001084498
0.002262854
0.001236152
0.002628636
0.003571616
0.000628438
0.003009315
0.003832871
0.001216227
0.002856874
0.003367128
0.00367706
0.003315711
0.002899857
0.000913737
0.000546301
0.001395513
0.003441894
0.002405009
0.000992203
0.002260075
0.001263002
0.003168417
0.001535035
0.003123642
0.003391162
0.002242781
0.003289641
0.001510506
0.002538012
0.00321723
0.003438903
0.002512042
0.002853069
0.002934242
0.002298032
0.002857291
0.000889525
0.003947235
0.001421879
0.003520409
0.002966781
0.001466839
0.002940648
0.002390236
0.000324623
0.000965215
0.001565365
0.002851245
0.002306594
0.001949253
0.000514189
0.002016226
0.002022932
0.000876656
0.003713689
0.001024172
0.00249997
0.002628829
0.003312924
0.002902283
0.002673545
0.002061394
0.002824692
0.002902159
0.00286512
0.000932763
0.001741755
0.003464272
0.001660305
0.001173181
0.003867794
0.002556657
0.003164705
0.002929438
0.002472412
0.002979465
0.00129508
0.002630652
0.00278607
0.002504063
0.002748072
0.001004748
0.003769656
0.003130577
0.00242389
0.000675593
0.00206929
0.003064746
0.000544483
0.002449096
0.000496314
0.002822221
0.001876012
0.001933855
0.002019659
0.001849217
0.003098821
0.002167395
0.002421297
0.000172969
0.002499585
0.001796237
0.00352744
0.002359171
0.000816821
0.00351587
0.002025809
0.003314218
0.002146595
0.002324192
0.000202044
0.00117346
0.001641243
0.001356862
0.003500096
0.000718014
0.003279512
0.001172201
0.002872094
0.003893583
0.001601829
0.002365839
0.001930904
0.001780163
0.002481797
0.002503308
0.000457343
0.00295276
0.003487525
0.000272286
0.002800823
0.003501811
0.000217409
0.002771728
0.003220286
0.000104663
0.002340753
0.002644237
0.002630874
0.001880197
0.001977566
0.002074838
0.001431903
0.00123779
0.00259782
0.001252522
0.003136342
0.002874662
0.002592835
0.001240003
0.003772809
0.002601231
0.001150869
0.002406389
0.000364101
0.001629455
0.004128429
0.000861527
0.001714348
0.00384351
0.004119534
0.002285436
0.003469089
0.002164433
0.000885023
0.001380782
0.000863888
0.00330464
0.000887063
0.002531581
0.003096126
0.002777682
0.00120791
0.003555594
0.001534359
0.003174525
0.003275183
0.001634717
0.003322219
0.002082026
0.002924185
0.001772272
0.001173286
0.004169789
0.000877746
0.003698076
0.001286611
0.001505323
0.003231091
0.003791792
0.002873434
0.000500328
0.003478486
0.00218572
0.003358749
0.002885092
0.003449589
0.001653985
0.004044033
0.001712738
0.00176343
0.002615793
0.002019736
0.002492811
0.002386213
0.003194119
0.003116422
0.000654829
0.002859544
0.003520643
0.001298324
0.003800576
0.002752172
0.002801323
0.001977348
0.002634255
0.002749713
0.003791209
0.002190431
0.003790023
0.002624763
0.002262867
0.00325169
0.003644471
0.003910438
0.001424794
0.003379355
0.002562423
0.002538102
0.001383665
0.002872476
0.002839546
0.003447553
0.002644224
0.001877856
0.002834328
0.003023748
0.001860986
0.002228638
0.003284609
0.003224894
0.002294491
0.002499455
0.002236496
0.002783603
0.004056427
0.00263837
0.002129477
0.001246194
0.003325606
0.002968317
0.001010476
0.00367038
0.003574067
0.000807573
0.001649214
0.001233828
0.003201717
0.003469035
0.002536456
0.003070972
0.00279526
0.003679117
0.002406955
0.002892542
0.00256513
0.002885453
0.001637972
0.003415635
0.002787806
0.003727997
0.002334318
0.004042059
0.002879387
0.003822599
0.000472735
0.003192256
0.001993825
0.002465401
0.002951613
0.00228993
0.002248992
0.002821128
0.00272163
0.00320104
0.002853016
0.001998719
0.001980627
0.001071103
0.00069539
0.003180224
0.001866679
0.002497744
0.002186011
0.003949293
0.001890893
0.001398987
0.002497074
0.000549819
0.004163688
0.00364316
0.002440799
0.001124335
0.000475596
0.002666335
0.002746135
0.00218814
0.00226246
0.003056447
0.003485672
0.003444303
0.003287662
0.003083195
0.00168117
0.003023893
0.002847356
0.002316657
0.002305984
0.002631308
0.000595924
0.001598291
0.003394136
0.002233893
0.002487973
0.001880389
0.002632216
0.002566089
0.000717917
0.000992939
0.002564196
0.001786032
0.003231585
0.002431126
0.000283652
0.003593147
0.001757665
0.002249952
0.000460195
0.00179356
0.001191424
0.001518757
0.002983698
0.003477898
0.003105291
0.003177572
0.003794261
0.003252311
0.003899094
0.002959694
0.001415644
0.001331642
0.002010215
0.001253927
0.002968566
0.002571013
0.002118102
0.003254228
0.002468622
0.001874107
0.002948973
0.002260426
0.001963995
0.002262509
0.001284169
0.001151086
0.000475052
0.002229575
0.003745211
0.003515766
0.003311527
0.001713924
0.001377164
0.002433757
0.001705505
0.002186651
0.00235149
0.001569302
0.003084359
0.003186942
0.003792597
0.00120563
0.002979228
0.002076827
0.003498422
0.000461973
0.001619563
0.003214666
0.003015749
0.003835904
0.003139858
0.002548835
0.002720805
0.001950261
0.002176816
0.002308753
0.002190025
0.003819844
0.003561412
0.002753248
0.001993279
0.003033998
0.002041326
0.00134857
0.00383728
0.003383777
0.003357803
0.001852294
0.002096855
0.001114058
0.001202088
0.002564822
0.002784938
0.00349634
0.002442222
0.003441856
0.000880966
0.000329083
0.001468501
0.002147938
0.00274817
0.001417265
0.002837918
0.0040987
0.003095386
0.00319657
0.001824068
0.002846926
0.003836026
0.002447895
0.000205453
0.003357262
0.002494675
0.001687595
0.003605946
0.003418579
0.002817084
0.00183531
0.002658134
0.001356277
0.003188549
0.002085571
0.001126998
0.001556806
0.003454308
0.000210178
0.003799568
0.002048368
0.001043868
0.001732726
0.002050333
0.000947056
0.002956274
0.003194867
0.002096309
0.000143132
0.003431827
0.001380645
0.002946899
0.003239373
0.002276576
0.004090298
0.003747472
0.003525375
0.002698259
0.002940544
0.002621251
0.003618475
0.001640538
0.003074265
0.002401416
0.001520304
0.001233931
0.002658931
0.002194972
0.002919776
0.001486979
0.000946394
0.002009283
0.003354538
0.002799453
0.002176192
0.003327975
0.003223562
0.000680853
0.003491733
0.003599624
0.003211943
0.000665968
0.004051576
0.002657129
0.00243926
0.000954195
0.001566068
0.002648938
0.002108602
0.00112056
0.002325403
0.001960593
0.003384669
0.002752583
0.002802206
0.004084623
0.003600368
0.000713171
0.003672583
0.002073759
0.00026113
0.000840225
0.003002842
0.001873402
0.002052489
0.003418011
0.000187667
0.002330035
0.0037689
0.002985745
0.003390559
0.002118923
0.003535372
0.003198351
0.002026305
0.00306711
0.001686436
0.002735481
0.00332752
0.003041236
0.003161509
0.002687207
0.000539573
0.002137226
0.002267946
0.002521936
0.003455128
0.000611957
0.003028262
0.003128251
0.002187542
0.001183336
0.002788289
0.00110621
0.003205903
0.002590154
0.002903466
0.001037278
0.002755917
0.002318728
0.001396482
0.002332272
0.00327169
0.001277287
0.003836937
0.003342998
0.001920958
0.00156878
0.002912811
0.002853636
0.003132841
0.001674358
0.003396892
0.00273225
0.001658133
0.000664523
0.002474493
0.000414467
0.001642069
0.001253176
0.000574422
0.000937128
0.003583296
0.003547771
0.003214005
0.000667963
0.003700168
0.003505705
0.001947557
0.003183158
0.001366376
0.003140252
0.001688566
0.003040435
0.002830536
0.002823288
0.002663859
0.00255133
0.002740877
0.003369775
0.002537431
0.003498155
0.003418808
0.00100553
0.002662676
0.003384075
0.00164485
0.000601779
0.002672029
0.002553553
0.001823641
0.002732558
0.003693619
0.001973861
0.00288775
0.002457888
0.002665882
0.001650175
0.00305321
0.003217577
0.002947271
0.003033656
0.003622425
0.001724101
0.000362988
0.003558628
0.002242012
0.000778375
0.003075023
0.002108489
0.003354746
0.001425936
0.002327529
0.001970491
0.000823432
0.003343235
0.000692262
0.003654206
0.003021564
0.002728026
0.000892244
0.001572777
0.001682169
0.001620294
0.002973306
0.002978926
0.003026561
0.002166116
0.003370428
0.003761823
0.002155647
0.001336252
0.00348512
0.002476476
0.003841424
0.001828226
0.001823313
0.002230019
0.00267408
0.00292004
0.001753568
0.001843901
0.001208126
0.003440527
0.002315692
0.004016988
0.003344946
0.001633755
0.002894772
0.003320526
0.001421136
0.002312697
0.002805069
0.002970535
0.000560122
0.003678292
0.003076487
0.002226624
0.003160555
0.003518393
0.003647527
0.003325234
0.00371611
0.000494973
0.002853212
0.003813087
0.000370138
0.002070698
0.003345439
0.001394278
0.002487
0.001660181
0.002726777
0.003186676
0.00305833
0.002769864
0.002385433
0.002368822
0.003839028
0.002256105
0.003113541
0.002178943
0.003581636
0.002005753
0.001575272
0.001884987
0.001235176
0.003192642
0.003141388
0.001962021
0.002433699
0.003312697
0.001479198
0.000869434
0.002362667
0.002765116
0.003123629
0.001335475
0.002492622
0.001595668
0.002808072
0.001438272
0.000472592
0.000862119
0.002941769
0.001064512
0.003477069
0.002994357
0.002306604
0.001719678
0.003365727
0.002289693
0.003353116
0.002945601
0.002256855
0.002376856
0.000121244
0.002507889
0.004180427
0.00316805
0.00126504
0.000425751
0.003568414
0.001541501
0.001306521
0.003083077
0.000338373
0.00173267
0.003926637
0.002013094
0.001687069
0.003445226
0.002377066
0.002730156
0.00130942
0.002825026
0.002123199
0.003431039
0.002178719
0.000542647
0.001833711
0.003030653
0.002998929
0.003597228
0.002653813
0.002186263
0.003308444
0.001962798
0.001022506
0.001615091
0.001233379
0.003446012
0.002577155
0.003060137
0.003600425
0.000920267
0.003832674
0.002583536
0.002829248
0.001139258
0.001651781
0.002432307
0.002816871
0.002677119
0.002351017
0.000315207
0.000337916
0.002426927
0.002935458
0.001915594
0.003052981
0.002622384
0.003110093
0.002419458
0.002929766
0.003279499
0.002790825
0.003767719
0.002853323
0.001141396
0.002529512
0.002151287
0.00191924
0.002979858
0.002787438
0.001786546
0.002682372
0.001160481
0.00122912
0.002451931
0.001951403
0.002201018
0.00174352
0.003597817
0.003818345
0.002281149
0.002464145
0.003621426
0.003098623
0.002278093
0.002189778
0.001934217
0.001362902
0.002983385
0.00281991
0.0035496
0.002617673
0.003827696
0.002682217
0.002220632
0.003556939
0.000904314
0.003165496
0.001181348
0.001869068
0.001759544
0.003175515
0.001396859
0.004090681
0.002763816
0.003185617
0.002722966
0.003150144
0.001721291
0.001108895
0.001244192
0.002949623
0.002967014
0.002387986
0.003243131
0.000915625
0.002405671
0.002757462
0.002294069
0.001386555
0.002405007
0.002580232
0.002408217
0.002285359
0.002602568
0.002653705
0.001620304
0.003164646
0.003755012
0.002805038
0.001689425
0.001700162
0.001831259
0.002552541
0.001366688
0.00394522
