0
0.000846657
0.00229306
0.002629503
0.003141831
0.000209895
0.000640391
0.002759188
0.003403817
0.003291331
0.00201537
0.002821484
0.003901901
0.003189931
0.003572172
0.003183235
0.001602129
0.002978798
0.003476658
0.001061783
0.00099725
0.001788317
0.000613578
0.003111489
0.001841127
0.000632537
0.001554301
0.001242162
0.003910771
0.001968859
0.003624757
0.002766222
0.003761092
0.003349958
0.002627715
0.001190543
0.002913804
0.0019334
0.00215091
0.002369492
0.001909543
0.001926929
0.003884784
0.003473364
0.002561178
0.003083617
0.003469391
0.002689263
0.002561122
0.002064644
0.003396742
0.000975785
0.001041147
0.001808228
0.002497085
0.002043292
0.003067211
0.000929787
0.002471354
0.002412138
0.002777549
0.002812166
0.002050244
0.001426601
0.002912445
0.001084334
0.000957082
0.00356399
0.002491507
0.00236123
0.001495342
0.003687001
0.002416193
0.002059511
0.003253204
0.00359492
0.001998382
0.002432043
0.002112125
0.001363497
0.002800139
0.0007247
0.003307784
0.001052566
0.001753348
0.001753715
0.002853881
0.004016997
0.001583283
0.002276072
0.000886562
0.000350424
0.001219649
0.003661791
0.000267556
0.003783963
0.002057509
0.001952588
0.002065417
0.003154904
0.002497688
0.001924351
0.001636859
0.001889483
0.003353468
0.003081005
0.003391678
0.001358668
0.003517559
0.003336448
0.0039301
0.001901608
0.002937363
0.002636011
0.004343278
0.003001378
0.001717064
0.000692804
0.001571895
0.004170444
0.002971144
0.002486449
0.003677987
0.000353137
0.00268594
0.001563112
0.00344722
0.002373626
0.002245336
0.000589926
0.002568909
0.003417374
0.004003297
0.002367452
0.002100942
0.001137135
0.002316531
0.001402262
0.00294249
0.003614346
0.003606832
0.002495902
0.002010476
0.001031397
0.003793506
0.002616017
0.001874273
0.003159593
0.00362388
0.001415499
0.002192299
0.003063849
0.003739429
0.00331003
0.003528162
0.002532302
0.002673223
0.002889996
0.001609336
0.000556607
0.001876553
0.000115557
0.003811092
0.000925269
0.002280044
0.001877488
0.003156786
0.003010464
0.001452028
0.000612769
0.003463203
0.003847239
0.001936419
0.001976994
0.002317265
0.004400837
0.000796536
0.003455389
0.002092188
0.003948208
0.002506204
0.003094124
0.003504811
0.002152526
0.00262379
0.001378711
0.003653369
0.000245704
0.002262595
0.002155247
0.001811681
0.002889583
0.003276299
0.003164764
0.002509306
0.00064441
0.003132228
0.002518676
0.00336651
0.002527107
0.003894447
0.001211076
0.003184453
0.001397285
0.002417357
0.002971995
0.003199882
0.002695137
0.002963197
0.000638127
0.003048502
0.003293764
0.002923949
0.002450013
0.003372645
0.000798093
0.004030975
0.002424991
0.002977032
0.001915164
0.002669577
0.003224617
0.003474183
0.002526326
0.003102157
0.003320209
0.00272499
0.001881833
0.001476275
0.002756312
0.003520615
0.00368311
0.003541097
0.003899023
0.001702049
0.002783356
0.003449881
0.001603194
0.000456777
0.002750548
0.00318101
0.001987481
0.001997443
0.00220834
0.003775746
0.001030889
0.002590817
0.003530424
0.000907116
0.001640893
0.002100096
0.001369648
0.002327772
0.002994244
0.004288535
0.001345685
0.003453662
0.00178816
0.003134396
0.003001595
0.003391139
0.003097979
0.00304652
0.000763727
0.002501959
0.00285227
0.002338737
0.004099568
0.003272887
0.003911067
0.001981515
0.002810947
0.000897016
0.001816538
0.003907745
0.001772138
0.00222205
0.002199755
0.001980813
0.002700869
0.002762316
0.002402234
0.0018837
0.00313708
0.003022721
0.002304955
0.002648411
0.003658229
0.000870933
0.003068624
0.000451978
0.001129807
0.003341468
0.002500958
0.003279309
0.001577863
0.003256194
0.002449828
0.003844827
0.003895432
0.00176096
0.004141237
0.002972073
0.002807001
0.001929545
0.003505003
0.003789355
0.000425053
0.003354692
0.002062555
0.002236435
0.002620074
0.002501216
0.002976207
0.001629436
0.002242968
0.002584158
0.003301831
0.000262314
0.003366285
0.001020702
0.003282859
0.001590078
0.002879836
0.000204257
0.001860035
0.002705879
0.00272597
0.002083236
0.003083042
0.001584488
0.000745608
0.003528044
0.000220478
0.001555595
0.002737885
0.001521663
0.002210306
0.00320307
0.000277156
0.002981977
0.001509098
0.003749313
0.001530684
0.002856654
0.003741642
0.003663228
0.003741798
0.001553192
0.003329089
0.003386452
0.00330275
0.002618627
0.002855128
0.003355615
0.003514623
0.003460259
0.000792293
0.002653725
0.001580361
0.003550502
0.00227563
0.003099862
0.003494257
0.003639219
0.002016395
0.001242886
0.001638832
0.002277736
0.002824082
0.002999773
0.002468184
0.001028412
0.003286116
0.002580094
0.001832033
0.003806501
0.001367028
0.003383825
0.003018449
0.0025479
0.003155948
0.003814585
0.002269487
0.00076881
0.002756214
0.002719715
0.003618892
0.000992157
0.001408238
0.002665256
0.003065251
0.002223064
0.001226298
0.003080294
0.001318086
0.001907568
0.002608586
0.003559298
0.00169266
0.002381789
0.003290863
0.002908958
0.003254526
0.002320969
0.001505231
0.002772501
0.002234329
0.002223326
0.001288416
0.003655831
0.003579195
0.002470346
0.003521352
0.000458378
0.003193064
0.002549652
0.003837103
0.00265367
0.003065754
0.002695853
0.003004161
0.00255424
0.003194098
0.001604093
0.002907124
0.002949365
0.002949894
0.000680985
0.003611816
0.001555805
0.003730875
0.002556976
0.002594547
0.000573857
0.002029172
0.001728037
0.003403813
0.000805976
0.002646399
0.000280009
0.003683507
0.003459896
0.00129205
0.000546944
0.004382768
0.002613333
0.003441068
0.000277218
0.001933673
0.002785623
0.00134832
0.000801698
0.002017817
0.001637156
0.003359628
0.0033842
0.002588622
0.001890789
0.003590879
0.003115004
0.00120609
0.002654915
0.003704917
0.002404824
0.004165745
0.001704026
0.002477215
0.002972282
0.001540476
0.002359844
0.002669491
0.001513439
0.002928732
0.000641208
0.000618693
0.002165537
0.002996861
0.000534108
0.003526748
0.001949009
0.003183611
0.002207403
0.002466554
0.002238736
0.003251883
0.003025128
0.001849402
0.003230854
0.002002744
0.001205972
0.003478862
0.001691045
0.002369649
0.001297459
0.003482709
0.002590352
0.003954869
0.003585752
0.002221131
0.002734715
0.002644594
0.001544474
0.001293615
0.001860711
0.002380161
0.002516364
0.001551026
0.002418956
0.002343125
0.002037176
0.003666748
0.003298418
0.003056901
0.003830636
0.001613488
0.001644759
0.001955531
0.003838812
0.001204378
0.001920631
0.00195074
0.003325077
0.00194036
0.001199223
0.002962238
0.001431141
0.000391903
0.002937484
0.002580087
0.002755847
0.002856763
0.001100312
0.001945355
0.002446173
0.00235655
0.002061023
0.003653762
0.002587082
0.002998935
0.002140013
0.00063084
0.002322518
0.003813213
0.001941744
0.000437006
0.00159955
0.002386791
0.003445652
0.002654649
0.003017816
0.003621574
0.001054322
0.002272178
0.000922174
0.00217257
0.000454214
0.003051687
0.002520153
0.003651427
0.003191676
0.002643542
0.003018989
0.002008421
0.002595725
0.003184381
0.003398409
0.002145223
0.003140334
0.002120529
0.002678423
0.002695493
0.002982092
0.003626111
0.004042093
0.003589411
0.001558981
0.000917599
0.002234737
0.002556517
0.003070242
0.000928113
0.003153027
0.003807477
0.001216924
0.003369398
0.002862396
0.001383615
0.00317007
0.002644887
0.004059302
0.003613946
0.003173309
0.00371585
0.002980776
0.000668188
0.003080763
0.001875769
0.002116352
0.001532173
0.001573885
0.000691249
0.001915393
0.002284204
0.002144321
0.00172942
0.000781516
0.003781892
0.000973512
0.003257551
0.003185344
0.002195988
0.004107797
0.000766939
0.000609499
0.003310307
0.004100495
0.002817709
0.002025192
0.001791485
0.001821432
0.003336681
0.000664814
0.003355499
0.001029123
0.002665409
0.002167897
0.001342422
0.000779061
0.001459317
0.004166673
0.002975147
0.004252653
0.002777679
0.001806681
0.002468183
0.001909873
0.001510806
0.003707051
0.000426201
0.000625384
0.001505751
0.003314052
0.002945996
0.003620908
0.003653441
0.001249015
0.002209711
0.002427567
0.003818831
0.003034877
0.001526924
0.001867885
0.001066451
0.002983445
0.002715983
0.001352784
0.001340765
0.002800372
0.002814506
0.003390223
0.002580906
0.001930452
0.000837073
0.003218817
0.000226591
0.003480352
0.002811181
0.00327948
0.003755959
0.001049112
0.003096036
0.003157768
0.003685786
0.00236212
0.002963135
0.001876473
0.001883988
0.003670273
0.001768562
0.003416568
0.00314074
0.003762337
0.000412512
0.002572515
0.002213805
0.004026377
0.003229303
0.002285185
0.002401377
0.003649034
0.003921033
0.003160642
0.002512744
0.00186873
0.003609081
0.002272519
0.00196001
0.002948415
0.002185031
0.002028845
0.003026267
0.002642305
0.001488126
0.003860552
0.002639425
0.002858206
0.002843286
0.001217817
0.004313744
0.00240464
0.003899742
0.001207738
0.00273635
0.002586575
0.002544613
0.00313087
0.002203728
0.003760091
0.003034954
0.00268977
0.002835989
0.00018074
0.004183991
0.002108365
0.001203334
0.002700493
0.001302731
0.003737143
0.002897698
0.003421147
0.003485121
0.001745485
0.002607619
0.002911104
0.002892006
0.003257266
0.002252067
0.003283342
0.00266255
0.001702348
0.003834238
0.00240728
0.002885529
0.001430814
0.002710731
0.000805468
0.001516865
0.000796563
0.001332111
0.002489869
0.001615894
0.002746544
0.003647641
0.003935329
0.003315645
0.002520235
0.003954428
0.001126612
0.000615217
0.00122806
0.003213547
0.002100081
0.003945244
0.002628882
0.000448308
0.002920773
0.001636595
0.003335936
0.00161884
0.000956102
0.003825326
0.00372424
0.001547845
0.002287115
0.003592704
0.003740022
0.002843393
0.003932184
0.003015598
0.002727929
0.001134529
0.000600429
0.00234822
0.002591868
0.002699986
0.000593675
0.003569142
0.002331919
0.002802551
0.000895061
0.001140854
0.003824971
0.003569759
0.002784195
0.003679501
0.003663451
0.002906056
0.002536951
0.00321364
0.003011853
0.003589626
0.002344317
0.000341291
0.00284954
0.002720417
0.002842458
0.00166832
0.003915236
0.002370329
0.000695001
0.003263301
0.003517923
0.001791649
0.002356575
0.003274266
0.004046768
0.002138856
0.002757182
0.002205319
0.002731687
0.000820922
0.001484431
0.002472304
0.003024747
0.002713823
0.002794457
0.001571367
0.001807081
0.002996932
0.003066296
0.001928188
0.002609259
0.003567087
0.002301696
0.003512782
0.003510021
0.004721526
0.002699643
0.001758967
0.002178016
0.002614857
0.002838032
0.003401264
0.002653787
0.001030905
0.003735574
0.002694814
0.002470487
0.002713276
0.003232442
0.002679391
0.0032549
0.002291474
0.003220117
0.002622651
0.003497214
0.003540795
0.001865459
0.002073611
0.00366585
0.001558444
0.003345872
0.000680542
0.001051412
0.001255912
0.001576781
0.00307952
0.002170813
0.000404411
0.001860632
0.001892416
0.001612595
0.002379632
0.002805607
0.002249432
0.002122975
0.003175122
0.003286347
0.003421488
0.00345246
0.001024383
0.003318911
0.002770775
0.003250359
0.003811667
0.001082665
0.002248097
0.003674543
0.002899273
0.001960464
0.002320826
0.002690199
0.002010992
0.00134169
0.002400787
0.002906959
0.001840594
0.003494134
0.001825376
0.002702344
0.001691857
0.003506578
0.003557072
0.00330902
0.003565231
0.002626764
0.002715235
0.001814584
0.00324876
0.003201601
0.002797576
0.002584062
0.003695735
0.000483873
0.003814715
0.001280169
0.001635628
0.00379265
0.001709079
0.00298782
0.002332496
0.001752941
0.001301599
0.001899041
0.002737382
0.003011313
0.002934623
0.001508594
0.002900959
0.002271358
0.001262006
0.001859356
0.001660809
0.002836623
0.003137857
0.003438984
0.002589815
0.00307616
0.002506948
0.003260653
0.001824831
0.002262042
0.001253413
0.003407241
0.002369078
0.000486343
0.002152802
0.002495216
0.003716592
0.00105119
0.003664725
0.003729032
0.001989551
0.000890772
0.001707798
0.001970548
0.002615212
0.004029357
0.000733824
0.002900395
0.00358085
0.003282012
0.002931858
0.002736772
0.002545577
0.003721114
0.001821504
0.002429371
0.00281224
0.001676598
0.002605209
0.003620943
0.001511541
0.001389185
0.001960342
0.003374406
0.002566167
0.002671315
0.001353761
0.003077084
0.000719547
0.000774141
0.001091564
0.001646801
0.001486295
0.002033893
0.002209806
0.00296323
0.003295013
0.003520331
0.000762712
0.002103646
0.000900726
0.000646949
0.002523373
0.002397896
0.002165672
0.000883594
0.002685993
0.003173221
0.000888074
0.002550533
0.002935783
0.004043601
0.0025553
0.00246111
0.002483518
0.000958633
0.003900963
0.001492762
0.003555042
0.001481965
0.003094013
0.002441008
0.001037092
0.003608627
0.002855989
0.002082316
0.001795707
0.000414079
0.002921156
0.003010944
0.003133072
0.00297923
0.003467356
0.000853853
0.001920563
0.002999244
0.000828804
0.002453647
0.001411214
0.001819197
0.003181896
0.00317591
0.002650505
0.000127795
0.003254676
0.001934049
0.002211966
0.002471798
0.003083471
0.00190184
0.002094359
0.002610789
0.002739478
0.001049645
0.001894637
0.004226215
0.002515197
0.001645665
0.001846036
0.003017552
0.003224303
0.003587025
0.000628059
0.003746273
0.002427252
0.001581205
0.00354286
0.002351592
0.002830516
0.001275407
0.00178884
0.00305375
0.003138779
0.002808102
0.002400698
0.002580867
0.003050665
0.003416374
0.000692574
0.002750133
0.003455199
0.003802052
0.002662676
0.002410732
0.002787289
0.001849861
0.003165386
0.002457269
0.003377687
0.001637894
0.00342445
0.001913451
0.001708731
0.002502268
0.002842344
0.003902446
0.002517519
0.0004698
0.003674641
0.003681285
0.00290443
0.00205958
0.00157653
0.002198938
0.003473684
0.002558616
0.00086709
0.002300318
0.001990359
0.002670077
0.002278478
0.00351136
0.002310464
0.002975491
0.001748592
0.003851887
0.00274938
0.000725929
0.002255072
0.003113975
0.000574974
0.002178794
0.00247307
0.002357742
0.001716673
0.003308463
0.00288636
0.003701732
0.000793622
0.000318495
0.002616758
0.003857387
0.001082022
0.00308844
0.000230968
0.000729941
0.002848656
0.000363573
0.002331122
0.002965383
0.003599912
0.001556209
0.002924766
0.002673553
0.000925536
0.001080909
0.003247137
0.003077125
0.003157884
0.00324033
0.00104327
0.003185602
0.000524486
0.002520653
0.003791313
0.003604829
0.003927635
0.001766963
0.003293108
0.003240323
0.001773687
0.001473865
0.003308601
0.000797473
0.001931684
0.003165349
0.002263962
0.002428611
0.002560912
0.001896991
0.001890417
0.001618751
0.001745387
0.002502818
0.003038563
0.002924449
0.002862815
0.001352775
0.002332549
0.004123585
0.003119358
0.003035906
0.003984314
0.001943514
0.003830011
0.001884956
0.000882627
0.002757343
0.001209457
0.003583428
0.001290233
0.002854584
0.002709674
0.001174816
0.00080867
0.002390047
0.00306603
0.003511492
0.001602411
0.002600351
0.003898495
0.002760616
0.001801403
0.003342744
0.00165963
0.002610696
0.003808463
0.003481335
0.002411418
0.002614517
0.00378545
0.003515826
0.002323267
0.002420612
0.000647878
0.002845615
0.00340007
0.001761313
0.002834104
0.003636245
0.002186134
0.003988636
0.002772841
0.002645125
0.001255655
0.002665818
0.001311192
0.001695153
0.002752814
0.001914672
0.001538193
0.003876883
0.001561104
0.002028358
0.002337949
0.000949271
0.002204957
0.002018445
0.002870999
0.001329822
0.001050058
0.001562088
0.003960205
0.00258534
0.002476257
0.002062002
0.003710947
0.002942738
0.003095007
0.003157491
0.00267337
0.0005336
0.000456161
0.001780349
0.003741408
0.002606851
0.003804516
0.002374028
0.002870578
0.00329258
0.003231758
0.000712625
0.00277925
0.002410464
0.00351966
0.000470982
0.002729994
0.001304349
0.002878347
0.003389722
0.000739429
0.001923973
0.003268497
0.001880059
0.002561361
0.001741458
0.000598126
0.002506907
0.002927994
0.002211097
0.001155077
0.003193215
0.003534806
0.001301357
0.003725994
0.00108979
0.003195017
0.001454814
0.000683587
0.001677196
0.003866923
0.002810892
0.000758188
0.003622969
0.002215143
0.001964495
0.001372192
0.003029002
0.00370087
0.003353083
0.001118985
0.002191365
0.002917967
0.000530414
0.003379203
0.002623866
0.002609441
0.002428642
0.00120326
0.002598975
0.000280563
0.003285259
0.002494673
0.002327808
0.004122692
0.000592051
0.002024594
0.000946397
0.000272145
0.002570315
0.002781572
0.002274931
0.002504889
0.000771534
0.001185175
0.002564307
0.000752197
0.001111319
0.002329614
0.002642018
0.003127663
0.0039741
0.002963641
0.002117452
0.003098059
0.003377207
0.002241747
0.002107277
0.002256977
0.00123615
0.002348376
0.002440501
0.002513733
0.003455285
0.003277456
0.002830995
0.002914345
0.002056222
0.002254333
0.003179725
0.002882923
0.001867524
0.002455729
0.002318349
0.003432431
0.000428241
0.000821377
0.003413375
0.003475399
0.002540231
0.000575856
0.001539803
0.002684275
0.001015613
0.001727859
0.000374709
0.002507601
0.000964647
0.002397539
0.001762699
0.00249397
0.002899841
0.002732327
0.003127835
0.001785038
0.00377416
0.003349555
0.000800028
0.000670275
0.003668537
0.003344825
0.002839908
0.002043912
0.002413956
0.00145285
0.00082812
0.002394106
0.002330732
0.002156347
0.003730827
0.002511313
0.000680772
0.000817578
0.002377198
0.001963118
0.002980747
0.002898867
0.003456578
0.001813245
0.003197515
0.000974333
0.001432309
0.00297438
0.001934332
0.002461042
0.002809183
0.001933233
0.001180852
0.000742552
0.002725677
0.002995406
0.002119267
0.003327541
0.002514639
0.002596601
0.001351134
0.001862039
0.002436915
0.003139245
0.002336625
0.003425
0.002033505
0.002822623
0.003695863
0.002313355
0.002237891
0.002332564
0.003000367
0.002254942
0.001376706
0.003474147
0.00153416
0.000827054
0.001571496
0.003800339
0.001925005
0.003037916
0.001947426
0.002873536
0.00340938
0.001818657
0.003779091
0.003014711
0.000403265
0.003756755
0.002054498
0.001118586
0.002416969
0.002672501
0.00035653
0.002853539
0.001074519
0.002862326
0.000965262
0.001889884
0.00127104
0.003423863
0.001850388
0.001653221
0.003996706
0.003201079
0.000912524
0.002906238
0.00228683
0.003158607
0.003476319
0.001563322
0.001372273
0.003833639
0.001156034
0.002805583
0.002740317
0.003979214
0.002352775
0.002674134
0.001604563
0.00058696
0.001654814
0.00306836
0.001560156
0.003114743
0.00284916
0.001860752
0.003049245
0.001994321
0.000608616
0.001261459
0.002077849
0.002869612
0.002089952
0.002109368
0.001914876
0.002664227
0.003245895
0.002803086
0.003956501
0.004381941
0.000550096
0.000841942
0.00236535
0.002790397
0.002115907
0.0007713
0.002522589
0.002668776
0.002511618
0.000891832
0.002721401
0.001815167
0.00279051
0.002924854
0.001781948
0.001933775
0.003377688
0.001693483
0.001433865
0.00302959
0.003367231
0.002167696
0.003511132
0.001228737
0.002837567
0.001891301
0.00218871
0.001902731
0.000302803
0.003337293
0.002005669
0.001669096
0.00248079
0.002767517
0.002206788
0.002681309
0.003757783
0.000449892
0.0030296
0.002430572
0.00121468
0.002414682
0.003186955
0.001343589
0.000916831
0.004241754
0.003205248
0.001959472
0.00288182
0.002327005
0.003055729
0.000550096
0.003847278
0.002649348
0.002264537
0.001333312
0.001877013
0.001248075
0.003187644
0.003063653
0.002212996
0.001163765
0.003128369
0.002887556
0.002372018
0.002837668
0.00386076
0.002407428
0.004068642
0.003732816
0.003306025
0.002479833
0.003099345
0.00141221
0.003721566
0.00331776
0.00388863
0.002284427
0.000652478
0.000916434
0.001543091
0.000520874
0.003232413
0.003819819
0.002619933
0.002871296
0.003086652
0.002721072
0.001446263
0.002470048
0.003323248
0.002058389
0.00323331
0.001107941
0.003614358
0.002640967
0.000914033
0.002470906
0.001956903
0.001814641
0.003449414
0.000272985
0.003088433
0.004169658
0.003836233
0.002241003
0.003492659
0.002085683
0.002114329
0.00255252
0.00276536
0.004137682
0.00083397
0.003692794
0.002824153
0.002676731
0.00340027
0.003804132
0.002033776
0.000179749
0.003164842
0.001302068
0.002854471
0.002952491
0.002658439
0.002602418
0.004181174
0.002043873
0.001168792
0.000745992
0.002905798
0.002308392
0.002415791
0.003404156
0.001334393
0.002519475
0.001721307
0.003505125
0.000747549
0.001961632
0.002899383
0.00229427
0.001187549
0.003141791
0.001689839
0.003230171
0.000874153
0.003072197
0.001012419
0.002639983
0.003514264
0.002739673
0.001734074
0.003668559
0.000778482
0.001975911
0.001864864
0.00229261
0.002876766
0.00405768
0.001722219
0.003510547
0.002352219
0.003112329
0.001685221
0.00271752
0.003564911
0.003898474
0.001637794
0.000924827
0.001888922
0.000460362
0.004173387
0.003531249
0.001635639
0.00406114
0.001739255
0.003496874
0.002739013
0.002527105
0.002484479
0.001574942
0.0025764
0.003744246
0.002813902
0.003777517
0.002924424
0.002862725
0.003710439
0.003170476
0.00320792
0.002750115
0.002499645
0.002244062
0.002284799
0.002556405
0.000866006
0.000217726
0.00072135
0.003040543
0.003721885
0.002572443
0.002698655
0.001974812
0.002444372
0.002918924
0.00355642
0.003269096
0.002338193
0.00035345
0.002790811
0.000209248
0.003918912
0.003198655
0.001611136
0.002246006
0.001117708
0.002128357
0.001234854
0.000868997
0.002360461
0.002747398
0.003644088
0.003352302
0.003733483
0.001833707
0.003394107
0.003840909
0.003829018
0.004106969
0.003090944
0.001667564
0.002035207
0.001407868
0.003234025
0.001682072
0.002925495
0.000867298
0.003026258
0.000956293
0.001686829
0.003683878
0.002335024
0.001555566
0.000814066
0.002700407
0.001954854
0.001915103
0.002333863
0.003430665
0.000563964
0.002374443
0.000226174
0.003047652
0.002437147
0.002250519
0.00217907
0.002342965
0.003269433
0.000827109
0.001573882
0.001440607
0.000835792
0.002910591
0.002924568
0.001572616
0.002231719
0.003940907
0.000473127
0.00240045
0.000792272
0.002698679
0.003851763
0.000272172
0.001522363
0.002959078
0.001731083
0.001935397
0.0031076
0.003578202
0.001893806
0.002188576
0.002187052
0.002455729
0.004170136
0.001924606
0.000655316
0.003791769
0.002170281
0.003388707
0.002027387
0.0026533
0.003442767
0.00090244
0.000714774
0.000899648
0.002774256
0.002124932
0.00194628
0.001491702
0.003314329
0.001685743
0.002760204
0.003123249
0.001409107
0.002764746
0.002949651
0.002501772
0.001602425
0.002414112
0.001703989
0.002617589
0.002358856
0.003508979
0.003258391
0.003148278
0.002058422
0.001276099
0.00147723
0.003348165
0.003904792
0.000853256
0.000328983
0.001959023
0.000988982
0.002899795
0.00187567
0.002834382
0.001511002
0.002728531
0.002217949
0.00078559
0.002458556
0.002789389
0.002012985
0.001991035
0.001913386
0.001492166
0.002037974
0.002643449
0.003628113
0.003098758
0.002510507
0.003330232
0.001532012
0.003415324
0.001917514
0.003497183
0.003665012
0.001322363
0.000501586
0.001736526
0.002281497
0.00199264
0.003684831
0.002083551
0.003031336
0.001508989
0.001774124
0.000814733
0.003363915
0.002955271
0.002821946
0.003397788
0.001765012
0.002284747
0.002903712
0.004073083
0.002163973
0.003165178
0.002798158
0.001804134
0.001684648
0.000711856
0.001188017
0.003336033
0.003271172
0.002365498
0.003118504
0.001222434
0.000190275
0.00275634
0.002696169
0.002217402
0.002531872
0.003552385
0.003385227
0.001934344
0.002063599
0.002669256
0.003099256
0.002805993
0.003670796
0.002394793
0.001743643
0.003194696
0.002889488
0.003203313
0.002363074
0.003688306
0.002666608
0.002008681
0.004422333
0.002038508
0.002921497
0.003820703
0.002490295
0.003294578
0.003037459
0.002263236
0.002509885
0.002767514
0.002685132
0.000681868
0.002824076
0.002239935
0.003657002
0.002232544
0.000158445
0.001655336
0.003107291
0.001777737
0.002887645
0.001678775
0.002077898
0.001419856
0.00269801
0.001724643
0.002527446
0.00327462
0.002834787
0.004267837
0.002486922
0.001758998
0.002601152
0.001328305
0.002270186
0.003801761
0.002191286
0.002802022
0.002902882
0.002107346
0.003092768
0.002668223
0.001247048
0.002820267
0.003824099
0.003434685
0.003152808
0.002625651
0.003236332
0.000758238
0.001556072
0.002276003
0.001706431
0.001690121
0.001825869
0.002774621
0.003794344
0.003458789
0.003534922
0.004194454
0.000251069
0.002229964
0.00264434
0.002976501
0.002454374
0.003788963
0.002599232
0.001162989
0.002653994
0.004057019
0.003451104
0.003105251
0.002602671
0.00130347
0.002862295
0.003648064
0.002910502
0.000706785
0.002530597
0.002779743
0.002856693
0.003649299
0.003153961
0.002449411
0.003911196
0.003774
0.00114249
0.003057139
0.002660921
0.004037473
0.003631476
0.001343046
0.001894641
0.000754575
0.002477053
0.002216569
0.003012181
0.002137682
0.002722156
0.002710274
0.000668805
0.002123845
0.001411393
0.002390546
0.003364912
0.0036003
0.002993098
0.00215177
0.003627679
0.003114137
0.002784226
0.001864243
0.001952381
0.003105654
0.003668031
0.004223706
0.003236535
0.003393263
0.003175804
0.002619286
0.00066884
0.000305381
0.003678763
0.002009068
0.001412812
0.002455939
0.001905626
0.003807806
0.002292242
0.003619492
0.003370418
0.002087314
0.003592345
0.001486837
0.000505291
0.002377146
0.002831178
0.003016883
0.003790711
0.000971641
0.0026685
0.000611527
0.002885506
0.000746877
0.001617431
0.002442668
0.002882528
0.003593264
0.000304261
0.003547066
0.003823249
0.001387683
0.002701764
0.001146427
0.00140706
0.001058336
0.004216764
0.003813888
0.003900647
0.000922469
0.003091101
0.003779035
0.003449358
0.000887914
0.001447582
0.00331352
0.00268718
0.002921518
0.002915746
0.000597408
0.000837214
0.000748774
0.002291115
0.003057674
0.003392774
0.000904836
0.001458531
0.004637553
0.003104624
0.004408071
0.001577829
0.001053333
0.003052
0.001827987
0.003348312
0.003350721
0.003273957
0.000598715
0.002429385
0.002270452
0.003751387
0.002607977
0.002831315
0.003555994
0.001724525
0.002677713
0.00114097
0.003630949
0.002615466
0.003525627
0.002239575
0.003442982
0.000409583
0.002437637
0.0025588
0.003407977
0.003518513
0.003015102
0.003248118
0.001912336
0.00326211
0.001488988
0.002887287
0.002955488
0.003244149
0.003580522
0.001255961
0.001548524
0.001507142
0.003250619
0.001810082
0.002189763
0.001932379
0.002659193
0.002807137
0.003098227
0.001794468
0.002730734
0.002410459
0.00169941
0.00155644
0.003863205
0.003184995
0.003443801
0.002489247
0.002947296
0.001550863
0.002722283
0.000525363
0.000912677
0.003819048
0.001350295
0.001271824
0.002522255
0.001615326
0.001542689
0.003087745
0.002824715
0.002977411
0.002812422
0.002219389
0.003872193
0.003283349
0.003618755
0.001819017
0.001588046
0.002159603
0.002711101
0.002670449
0.001523963
0.002736877
0.000457405
0.002334867
0.001223024
0.002893587
0.001072229
0.003810018
0.003024323
0.003023043
0.002773183
0.001870975
0.002754105
0.000803014
0.00250424
0.002780782
0.0019662
0.003559258
0.002587331
0.002176404
0.00265918
0.001299216
0.001178898
0.002532869
0.003294041
0.002407904
0.002668327
0.002355148
0.002385693
0.000665392
0.003768763
0.002413489
0.004078379
0.003146794
0.002922136
0.002770695
0.002189226
0.000765382
0.001402027
0.004004141
0.002248273
0.001921202
0.002380472
0.001412774
0.003226506
0.002829755
0.001562981
0.001243076
0.002284381
0.003722545
0.001996482
0.001239024
0.00251429
0.002935334
0.003625088
0.000976014
0.002379372
0.002675393
0.002344272
0.002794373
0.000280283
0.00186219
0.001291877
0.003142739
0.001220898
0.0036365
0.002385113
0.000790682
0.00320616
0.002343225
0.001966518
0.002332671
0.001140767
0.002392864
0.00233377
0.001924428
0.002329896
0.001546541
0.003458527
0.001009003
0.001754791
0.00310297
0.002778908
0.002560438
0.000657552
0.003874646
0.002970505
0.003949237
0.003818891
0.000885738
0.002468797
0.000561939
0.002024687
0.003985704
0.002366256
0.001638597
0.002355035
0.003886378
0.003075386
0.002583047
0.002085714
0.002345037
0.003665184
0.002689992
0.001593146
0.00394614
0.003133609
0.003094964
0.00223622
0.003564979
0.003242397
0.003012318
0.002554544
0.001998003
0.001653339
0.00387619
0.001589085
0.002206613
0.003262021
0.001371166
0.003020828
0.002247092
0.002665571
0.003229165
0.000686104
0.002439746
0.000987965
0.002436138
0.001009937
0.002569188
0.002999959
0.001724034
0.002753287
0.002168619
0.003506184
0.003430086
0.002766288
0.003829584
0.0020169
0.001073097
0.000618671
0.002570031
0.002912275
0.000483763
0.002236752
0.000685337
0.001808597
0.003740728
0.001693615
0.001706725
0.001539134
0.002875438
0.002498067
0.003377392
0.001012791
0.00141987
0.002450639
0.001761487
0.003181621
0.002309211
0.003883138
0.001487636
0.002322029
0.000457749
0.002210677
0.003070269
0.001442867
0.002626044
0.002558815
0.002803996
0.003341478
0.003100138
0.003716973
0.003290741
0.003914433
0.003539664
0.003153473
0.002617004
0.001718308
0.002598125
0.000256752
0.003108047
0.003135916
0.004026408
0.000210174
0.00209387
0.003088004
0.003036093
0.000601551
0.003259338
0.001616225
0.002662844
0.002891098
0.000761236
0.001212226
0.003527878
0.00265538
0.003863745
0.003565243
0.001891876
0.003538341
0.002096283
0.001342456
0.001535045
0.002789635
0.004546826
0.001094098
0.002305172
0.003004818
0.001330034
0.002889947
0.003666564
0.002306327
0.001521787
0.002632354
0.001785371
0.00233686
0.002503878
0.003516143
0.002423786
0.00329007
0.001261939
0.000681152
0.002438572
0.002415674
0.003507216
0.003189253
0.004070574
0.001703413
0.002160877
0.002934251
0.002549437
0.003288855
0.003143984
0.000876855
0.003125733
0.00218426
0.000252085
0.003901925
0.002906882
0.002835142
0.00292325
0.003585418
0.003644297
0.002110861
0.003213394
0.002926318
0.001647518
0.000899694
0.003967539
0.003788269
0.002224988
0.002663499
0.002114411
0.003731041
0.004005938
0.001769403
0.004058244
0.00083937
0.000613099
0.001945267
0.003190999
0.002145199
0.002814461
0.002178533
0.001985234
0.002767658
0.002842742
0.001180744
0.003626618
0.002934043
0.00338216
0.003645955
0.000414606
0.002749487
0.00148192
0.000724239
0.00212696
0.001717731
0.004019477
0.002869688
0.001190042
0.002015433
0.003847425
0.002193474
0.002992745
0.000752504
0.00275386
0.001522697
0.001625283
0.000234816
0.003499469
0.002594566
0.003172283
0.002760668
0.001005726
0.002288843
0.002075622
0.002116437
0.00317618
0.000345522
0.003382262
0.000516803
0.003799051
0.00296
0.002900449
0.003053651
0.002969279
0.002931143
0.002834137
0.002860763
0.00217831
0.00392515
0.001884078
0.002224431
0.001652058
0.002575956
0.002154806
0.003390265
0.002727622
0.002489566
0.003205044
0.001614188
0.003337224
0.003420204
0.001436665
0.002476325
0.003093584
0.001892207
0.003199174
0.002175062
0.00050022
0.002120454
0.001920211
0.0032949
0.002877784
0.002582852
0.000673722
0.002046217
0.003055823
0.002428115
0.002576973
0.002852754
0.001896403
0.000194466
0.002949436
0.001993169
0.001864767
0.003018946
0.001419354
0.003052517
0.003982208
0.002865485
0.00110148
0.001077234
0.002922596
0.003699126
0.00096943
0.001729079
0.00267575
0.001669985
0.003216327
0.003113876
0.003089172
0.00139626
0.000997886
0.002249674
0.002322036
0.003802723
0.000909971
0.000697252
0.003664863
0.001071576
0.000261712
0.00290454
0.001651512
0.002869836
0.002602425
0.001743369
0.002499838
0.002711586
0.000870643
0.001629088
0.000502923
0.003051746
0.002746566
0.00246141
0.003647248
0.00357518
0.002539138
0.0027978
0.00311027
0.002915674
0.002853048
0.003325629
0.000168962
0.002370049
0.003051196
0.003629479
0.003991278
0.001310666
0.000419606
0.000668943
0.001837749
0.002380354
0.00262729
0.003601599
0.00113892
0.002249217
0.001472034
0.003263498
0.002486756
0.001088375
0.000984192
0.002311456
0.001996158
0.002510061
0.00311713
0.002022287
0.003282481
0.000683317
0.003597588
0.00285936
0.001245869
0.002333168
0.003382314
0.000410067
0.003676326
0.0010486
0.00211599
0.0030836
0.003447724
0.001797679
0.002296996
0.001621543
0.002661365
0.000459184
0.002064159
0.002390064
0.003676458
0.003410972
0.001776386
0.000675344
0.001635402
0.00156677
0.000987324
0.002873501
0.003517792
0.004065813
0.001212667
0.000731651
0.004282948
0.001376398
0.003276718
0.003057209
0.003867657
0.00030196
0.001540481
0.000921663
0.002748927
0.002077652
0.000704716
0.001992997
0.003137706
0.00044952
0.001953006
0.003594145
0.002542577
0.00195661
0.002591003
0.002875331
0.002076217
0.003408008
0.001804419
0.00237068
0.002678359
0.002086801
0.002422479
0.001551879
0.002995403
0.002145608
0.004074772
0.00302511
0.002885289
0.000737566
0.002100722
0.003653556
0.002240227
0.003265777
0.0009288
0.003494975
0.002319984
0.002178105
0.003113135
0.000586291
0.002558847
0.002627529
0.002426541
0.002957152
0.00302038
0.000916631
0.002712495
0.001303766
0.001106738
0.001138945
0.001840804
0.001687617
0.003366017
0.000622678
0.003251513
0.002805326
0.003709065
0.002023374
0.001923755
0.00204188
0.003224488
0.002963953
0.00100974
0.000799954
0.003350391
0.00324763
0.001570661
0.001537027
0.001977074
0.002690539
0.002458222
0.000978894
0.002784617
0.002318231
0.002697358
0.003050945
0.002395269
0.000758605
0.001681281
0.002827876
0.002719786
0.003479982
0.001511092
0.001698958
0.002810734
0.003623425
0.002929134
0.003361013
0.001095414
0.001956443
0.001075858
0.00116065
0.00262296
0.003108076
0.004021915
0.003541946
0.003469449
0.004005098
0.00145735
0.000186248
0.002007937
0.002754153
0.003557236
0.002233542
0.002381659
0.003187431
0.003797118
0.002056467
0.002502979
0.002975087
0.001769341
0.003104897
0.003184749
0.002339503
0.00306456
0.002175052
0.003154032
0.003296857
0.001965904
0.000693542
0.003394066
0.002526099
0.002393922
0.002953593
0.000816536
0.00330221
0.001361396
0.002368256
0.003448418
0.001392002
0.000300966
0.000777596
0.001823904
0.001630671
0.004045475
0.003322183
0.001472238
0.0010971
0.000218951
0.003805483
0.003690643
0.003003096
0.001509468
0.001663288
0.001970972
0.002452149
0.002144934
0.00265805
0.002637848
0.002583194
0.002114111
0.002629014
0.001251761
0.003653052
0.003696405
0.000971338
0.003586983
0.001511563
0.002191862
0.002591492
0.00290579
0.002890154
0.003223267
0.002560822
0.000664071
0.001834015
0.000819242
0.003170971
0.000882053
0.002370894
0.003199746
0.002593688
0.003426648
0.002554085
0.000338167
0.003204098
0.003074319
0.002285681
0.00243962
0.003537808
0.002110223
0.002805816
0.003528355
0.002310966
0.000798317
0.000712713
0.003062701
0.001032948
0.001865557
0.003083172
0.000626533
0.003934363
0.002448115
0.002869832
0.00014647
0.003111616
0.001291313
0.00066724
0.002497503
0.0003562
0.001878862
0.000378215
0.003140924
0.001729633
0.003605493
0.003702076
0.002143101
0.003290132
0.003611023
0.003146306
0.002938493
0.002664673
0.002335213
0.002619696
0.001854326
0.002832921
0.002333174
0.003049699
0.003430242
0.00319175
0.000795441
0.003230689
0.002463169
0.002462146
0.003757899
0.001019437
0.002450623
0.003276048
0.00260011
0.001527225
0.002295972
0.001516068
0.001760916
0.002604696
0.001152484
0.001222352
0.001091474
0.000859035
0.00371977
0.003164313
0.002723077
0.003035683
0.003409402
0.000842432
0.003295615
0.003659291
0.001114645
0.003642574
0.002474779
0.001925917
0.003080222
0.002764344
0.002105287
0.003054631
0.003611289
0.000945894
0.003789777
0.002476875
0.000337447
0.003881392
0.003905802
0.002140758
0.002505265
0.002454176
0.002231167
0.003294546
0.002084743
0.002900616
0.002857466
0.001663656
0.001739737
0.00042692
0.002506797
0.002361626
0.002872189
0.001581674
0.002480699
0.003374682
0.003215169
0.002010948
0.000757313
0.000333954
0.002840531
0.002021708
0.002291076
0.001758131
0.001251889
0.002797469
0.002764619
0.000985191
0.002218649
0.001525413
0.002300933
0.001002912
0.001924416
0.000524595
0.002138641
0.0032271
0.003000279
0.004114591
0.00320136
0.002765621
0.00286401
0.002624022
0.002443262
0.003289086
0.003945337
0.003155171
0.003619449
0.003821212
0.000860938
0.000782904
0.002503828
0.001230051
0.000942278
0.001631149
0.001309782
0.002325862
0.00299274
0.00220971
0.003252024
0.003646297
0.003883069
0.004904749
0.002809032
0.001441125
0.000356657
0.003537353
0.001767589
0.001953214
0.003532083
0.003039099
0.001960888
0.001479701
0.002959006
0.003503643
0.002100807
0.001861842
0.003738739
0.001961231
0.002624497
0.00250225
0.001801682
0.003563903
0.001201813
0.001674084
0.001345897
0.004556778
0.000567487
0.002799486
0.002210181
0.000774106
0.000476601
0.001827859
0.001354483
0.002640297
0.001866076
0.003708001
0.001623162
0.001208956
0.002372004
0.0025514
0.003984438
0.002070188
0.000957854
0.002277553
0.003087646
0.003841531
0.001412903
0.002999675
0.001751806
0.003374298
0.002045782
0.002765772
0.001649182
0.003130469
0.002773483
0.000833042
0.001799006
0.001735329
0.001528758
0.002556916
0.001486414
0.003529512
0.002877547
0.002729891
0.003540325
0.000304166
0.001486702
0.002353045
0.002184949
0.001412341
0.000503504
0.002766954
0.002902675
0.003488484
0.000521313
0.001657956
0.002248967
0.001416352
0.002244248
0.002171234
0.001528922
0.002162883
0.000666422
0.00294465
0.003896402
0.001965424
0.002422437
0.000713658
0.002860077
0.002306594
0.00108857
0.002356701
0.003418381
0.003641961
0.002890795
0.001267469
0.003304531
0.00203317
0.003607906
0.003349908
0.002254189
0.002790187
0.000915106
0.002838063
0.00192016
0.00378651
0.002412385
0.003571593
0.002432308
0.003717735
0.002139321
0.002340661
0.002334859
0.00074907
0.002569291
0.002070131
0.003377869
0.003822431
0.000927478
0.001793409
0.000540077
0.003452413
0.002395409
0.001983139
0.003160759
0.003395698
0.002465862
0.001184122
0.00249232
0.003319334
0.001476072
0.001767778
0.002884382
0.000700694
0.002946172
0.003913474
0.000761127
0.00259322
0.003733657
0.000965279
0.000368029
0.003384891
0.000787353
0.003166164
0.003775406
0.003437943
0.000642267
0.003256837
0.003384381
0.002305613
0.003437554
0.003320967
0.00024786
0.002922791
0.003793611
0.003759007
0.001796597
0.00339282
0.003202687
0.00194353
0.002218557
0.002009143
0.002047085
0.001842634
0.003536854
0.002700997
0.003767433
0.000712251
0.002486337
0.002382641
0.001247176
0.000628733
0.00293204
0.003346902
0.003321632
0.001825908
0.003567659
0.001388089
0.001911182
0.003287331
0.003231257
0.001782899
0.002932783
0.0032516
0.003287917
0.003249579
0.002081342
0.003159769
0.003403569
0.000343057
0.002564633
0.003535497
0.000843865
0.003268104
0.002241948
0.003662668
0.002584629
0.001747947
0.002610518
0.003815433
0.00255419
0.00252658
0.002259404
0.003631298
0.002595676
0.002956865
0.000728512
0.001999845
0.001965064
0.003430589
0.003035633
0.002090992
0.001281944
0.002705865
0.002776765
0.002983024
0.002217301
0.003664124
0.002818292
0.002544677
0.000929507
0.003564042
0.003283432
0.002989991
0.002966433
0.003017963
0.001487894
0.003457983
0.003070189
0.003232612
0.003358303
0.002035496
0.002785396
0.001839982
0.003400554
0.00281269
0.00277267
0.000641661
0.002990814
0.001498916
0.00197245
0.003662075
0.003637625
0.001578393
0.000998363
0.003478633
0.000587713
0.002950328
0.001727729
0.001540653
0.002929008
0.001806715
0.002759061
0.002849258
0.00334957
0.003578237
0.003572228
0.002522771
0.002674367
0.001461443
0.002090975
0.003163975
0.00251693
0.002836938
0.003153112
0.003734266
0.002242832
0.001737773
0.003343482
0.002278676
0.000942588
0.000583009
0.001692016
0.002374267
0.003087986
0.003296315
0.001791968
0.00235697
0.002364399
0.002076047
0.000445003
0.002245776
0.002508103
0.002990703
0.003747681
0.000838328
0.002935488
0.003153624
0.000462797
0.003695641
0.001546287
0.002201196
0.003816676
0.00333985
0.00325449
0.001817786
0.002276808
0.003112278
0.002866563
0.002834134
0.00098899
0.003793242
0.001816483
0.000131029
0.002238766
0.002635011
0.004028135
0.002516821
0.001038371
0.001796042
0.003134198
0.003096545
0.002254585
0.001600331
0.002599027
0.000765375
0.00148083
0.003440995
0.001469249
0.001190685
0.002895499
0.00381479
0.003876871
0.001736836
0.003653787
0.00238741
0.003054456
0.004830452
0.002443489
0.001803745
0.003058873
0.003104758
0.001962336
0.003240257
0.003116051
0.002668831
0.003000608
0.000953329
0.00351365
0.001692542
0.004088207
0.002034718
0.001345716
0.001476651
0.002878917
0.003084339
0.000721825
0.00317722
0.003206514
0.003475792
0.001255073
0.002600752
0.003513282
0.003271892
0.003304841
0.003029019
0.001924486
0.002420493
0.00293352
0.003426592
0.002772622
0.000657454
0.003234832
0.002002733
0.002406445
0.003501987
0.001358549
0.001449067
0.002334119
0.001956442
0.003683914
0.003033119
0.003652152
0.002146466
0.002527628
0.00314702
0.002647748
0.001975206
0.001717652
0.002493478
0.00333385
0.000494361
0.000888851
0.002406104
0.001452869
0.002292752
0.003119014
0.001084141
0.001371464
0.003012063
0.001899723
0.0029389
0.001846751
0.002661476
0.002719111
0.002191424
0.002581155
0.002759732
0.001605913
0.003495748
0.002818878
0.003354711
0.002710311
0.001536396
0.001589794
0.003697304
0.001913708
0.002421731
0.003465769
0.001007
0.001956009
0.003214896
0.004384959
0.003654973
0.000916746
0.002711889
0.002387602
0.002246844
0.003453908
0.00382804
0.000868081
0.002064395
0.003935923
0.003525286
0.002298685
0.002266067
0.001316828
0.002235209
0.003711025
0.002055743
0.003050119
0.003186817
0.002961357
0.003634377
0.001901953
0.003388256
0.000774577
0.002482643
0.000677706
0.002039975
0.002991058
0.000824069
0.003188791
0.001264981
0.002547599
0.002755113
0.003708978
0.001461641
0.003214777
0.003039908
0.000356113
0.002959889
0.000228179
0.002973423
0.002860174
0.000426437
0.002259502
0.002226979
0.002217761
0.003303421
0.003442241
0.002973293
0.002585572
0.00042839
0.002004497
0.002465326
0.002044626
0.002321309
0.002959898
0.003271781
0.001179547
0.002776079
0.002462786
0.00192346
0.001154829
0.002626859
0.002652386
0.002021744
0.000736532
0.003461903
0.001374158
0.002167232
0.000725837
0.002979883
0.002667046
0.002519504
0.001857811
0.003330643
0.00328476
0.000294048
0.001268649
0.0024939
0.003284646
0.003711462
0.003616118
0.00227042
0.002001394
0.00173633
0.001339555
0.00402037
0.003037989
0.00322872
0.003369774
0.002588217
0.004013661
0.000437917
0.003719343
0.001780188
0.002941201
0.002405142
0.003319144
0.00275143
0.003573326
0.001254421
0.003688259
0.00271821
0.002578909
0.003269051
0.002965478
0.003685991
0.002831969
0.002692843
0.002998841
0.001581663
0.001767672
0.002749717
0.003120109
0.00154263
0.002846257
0.003733807
0.001536127
0.000751504
0.002729075
0.001784328
0.00328007
0.002542999
0.001238756
0.001019577
0.002443364
0.003487966
0.002851981
0.002890252
0.002736668
0.003217263
0.001151594
0.003361666
0.003447126
0.002173527
0.003386376
0.003511397
0.002517141
0.003157543
0.002148415
0.002798189
0.000455934
0.003794733
0.000722271
0.002214477
0.001731828
0.00218094
0.001528283
0.001675026
0.001165149
0.003991981
0.000894071
0.001923339
0.001526227
0.002229253
0.001569023
0.00056974
0.003217454
0.002601968
0.000473274
0.001830126
0.002924359
0.000645915
0.00378081
0.00245657
0.002459137
0.000222656
0.002873028
0.001307878
0.001370644
0.002020441
0.000807964
0.003407858
0.003614622
0.003346766
0.002655532
0.000764459
0.002828525
0.003001431
0.003904521
0.001051183
0.003888665
0.003170828
0.003331418
0.003232853
0.002392931
0.00288715
0.00228959
0.001527019
0.003120523
0.00352964
0.001447663
0.002490426
0.002020777
0.002840556
0.003112232
0.001217498
0.001800102
0.000828646
0.001628231
0.000508921
0.003052133
0.003429605
0.002097872
0.003230956
0.003500412
0.000864132
0.003511047
0.002231122
0.001591759
0.003243764
0.00290922
0.002924992
0.000496272
0.00211338
0.001358476
0.003245888
0.000431574
0.002561547
0.002714953
0.003393409
0.000766543
0.001314398
0.00357559
0.002071754
0.002312375
0.003773435
0.000750789
0.002092073
0.002324434
0.002573627
0.001164847
0.003566493
0.002575098
0.001128596
0.003509085
0.002719133
0.001362927
0.003887421
0.001288687
0.000670334
0.003162437
0.002602186
0.001998166
0.001773356
0.002917173
0.002070312
0.002083516
0.003541087
0.003077983
0.003271167
0.003191961
0.000714023
0.003466007
0.001871409
0.001759664
0.00394633
0.001623371
0.002776579
0.002346372
0.003101389
0.000217095
0.002784701
0.003777199
0.002505211
0.002562278
0.002374601
0.001944857
0.003693827
0.002376965
0.002041509
0.003619074
0.002311168
0.003607587
0.002300556
0.002653516
0.001568631
0.003752321
0.003695851
0.002387925
0.002919839
0.000889812
0.002354236
0.002544872
0.002855364
0.002782546
0.003302001
0.003345533
0.003599636
0.000433709
0.002077269
0.003074516
0.003162608
0.003085701
0.003145494
0.000816394
0.003177866
0.001112854
0.002007847
0.00188004
0.003046892
0.002390654
0.003353893
0.00293169
0.002519294
0.001639479
0.002374975
0.003177401
0.002536448
0.003297416
0.002565574
0.001869515
0.001462729
0.002357962
0.003439673
0.002086463
0.001548691
0.003458173
0.003992661
0.003030362
0.001982424
0.003058351
0.002901384
0.001519408
0.001148618
0.001979947
0.002455772
0.003521146
0.002754828
0.001795357
0.002530447
0.000600659
0.002071714
0.001768134
0.003061419
0.002550513
0.001601671
0.002420058
0.003014432
0.00105508
0.00264841
0.001562604
0.003025994
0.001461459
0.003686063
0.00187842
0.001984608
0.003248175
0.001720102
0.002849357
0.002978441
0.002421147
0.001632342
0.000360226
0.002574916
0.000384004
0.002354975
0.003337955
0.000573743
0.001723343
0.000680511
0.003656233
0.002897341
0.003461265
0.002693157
0.001279606
0.001941379
0.001499183
0.002033312
0.003472873
0.000353086
0.000876238
0.001950204
0.000694659
0.000525782
0.000688383
0.001066002
0.002856974
0.001873904
0.002751588
0.004459541
0.002275342
0.001028041
0.00219805
0.00236066
0.002788216
0.000566768
0.003475266
0.002832681
0.001313308
0.002969071
0.001199202
0.002344958
0.00223707
0.000389747
0.001590205
0.002789752
0.002817181
0.001757038
0.000667497
0.002581292
0.001241403
0.00220132
0.004051637
0.001759183
0.002065324
0.002638812
0.000534572
0.001871919
0.001711544
0.002284515
0.003703159
0.002870391
0.003476004
0.003726454
0.000680638
0.002750214
0.000807824
0.003157409
0.001411091
0.00382941
0.001164694
0.002906413
0.003187987
0.002925821
0.003817944
0.00338287
0.001518165
0.003760171
0.003443608
0.003057707
0.003202669
0.001367669
0.002405076
0.001745381
0.003160528
0.002466904
0.002302651
0.002777334
0.000361665
0.002154057
0.003351468
0.002126694
0.002021391
0.001519603
0.002025247
0.003074378
0.002317191
0.003056369
0.0025536
0.000869549
0.001986139
0.001877702
0.003193646
0.001522488
0.002580022
0.002163022
0.003454029
0.003300711
0.003377778
0.002652709
0.003640784
0.002309562
0.000472677
0.002912838
0.001210579
0.003559259
0.001488024
0.001980264
0.002455273
0.003065222
0.003234411
0.002817709
0.001672003
0.002103354
0.002456814
0.002696126
0.000581956
0.00228794
0.001839726
0.002631421
0.000712861
0.002100806
0.002605266
0.002602734
0.002580856
0.002026084
0.003703633
0.003008757
0.003345287
0.003074338
0.002602626
0.003846988
0.001337707
0.003317456
0.001436543
0.003064845
0.002106285
0.000715125
0.002964181
0.003342183
0.001883159
0.003544279
0.000853463
0.0016219
0.003035019
0.003932856
0.00047352
0.002349592
0.001740253
0.003184616
0.003817057
0.003906168
0.002767312
0.002933943
0.00302267
0.002268744
0.001968991
0.003968621
0.003496156
0.00216455
0.003243657
0.003498906
0.00365074
0.002824801
0.002848375
0.001881794
0.002935979
0.00269502
0.001833867
0.002777683
0.002804829
0.002018942
0.00134681
0.002864249
0.000953735
0.002624937
0.001120061
0.003028228
0.002218593
0.002583861
0.004124807
0.003006039
0.00194146
0.002605316
0.002474003
0.003868414
0.000286549
0.002712918
0.001267537
0.002207756
0.003196007
0.003020416
0.002912922
0.002912402
0.0016012
0.002530405
0.003151161
0.001990198
0.002843297
0.002659363
0.002523419
0.002912032
0.001763939
0.001722091
0.00302537
0.002389504
0.000279291
0.000733409
0.002992193
0.001839137
0.002864157
0.001937189
0.002828765
0.002127678
0.001352473
0.002495444
0.002503368
0.002116192
0.001571481
0.003123444
0.002634365
0.003318716
0.001994139
0.002161648
0.002969086
0.000652681
0.002207735
0.001500726
0.00265848
0.002770374
0.003975855
0.002390709
0.002249372
0.000749979
0.003999344
0.001453418
0.002225031
0.000800871
0.001404055
0.00214541
0.002910674
0.003120223
0.001787223
0.002873657
0.001505947
0.002855276
0.001844834
0.000314993
0.003065249
0.002880133
0.00040321
0.002327865
0.002402138
0.001875157
0.003035358
0.002700231
0.001312513
0.000703263
0.003603273
0.002046795
0.002533432
0.003744689
0.003340395
0.003613284
0.002725494
0.001159408
0.00271538
0.001397626
0.002490919
0.002285452
0.003782555
0.003355086
0.003229304
0.002334602
0.002973781
0.002306414
0.002807883
0.001698223
0.002182955
0.002957041
0.001561248
0.001216679
0.002656302
0.004489524
0.004240762
0.003000091
0.003185648
0.003711178
0.003324187
0.002682183
0.002153142
0.002153531
0.001245259
0.001739931
0.003711556
0.002280312
0.002571455
0.003323163
0.002349455
0.002977534
0.001871345
0.001573585
0.001485278
0.001929346
0.002892772
0.001622304
0.000330862
0.002517746
0.002571327
0.003449197
0.003034614
0.0009373
0.003729662
0.002117024
0.003414871
0.003927996
0.002713913
0.001848914
0.001703443
0.002586334
0.00153641
0.000594185
0.001979863
0.000426372
0.001969687
0.002167326
0.003293602
0.002185251
0.003047348
0.001191777
0.003359246
0.003790654
0.002465788
0.003996018
0.002622598
0.002198811
0.002899497
0.001888449
0.002920731
0.003808641
0.002247059
0.003326509
0.00115128
0.002130427
0.003229724
0.00358811
0.002111145
0.001970482
0.001119477
0.003579682
0.000899709
0.003334442
0.00220479
0.000733078
0.0026864
0.002443317
0.002565921
0.003327759
0.000287546
0.00229041
0.000892752
0.001466842
0.002832374
0.004802318
0.003621798
0.001440502
0.001538359
0.00363796
0.002785397
0.000281337
0.001618859
0.001531914
0.002512666
0.003094212
0.001328606
0.002499073
0.002009228
0.003556523
0.001940148
0.003863843
0.004194035
0.003170621
0.000380836
0.001049016
0.001655464
0.001661432
0.002323385
0.000490539
0.003448313
0.001242186
0.002918871
0.002522668
0.00116334
0.001434592
0.000907488
0.003583859
0.003260996
0.003163372
0.002923951
0.001531162
0.000992146
0.001244063
0.002578868
0.003447208
0.002984183
0.003255986
0.002826964
0.002467479
0.003419212
0.000801099
0.00302069
0.002061368
0.00300823
0.003182382
0.002790167
0.003230118
0.002600699
0.00212543
0.003462954
0.002918639
0.001258536
0.002175513
0.001557507
0.003776767
0.002523664
0.002537015
0.001395113
0.002739414
0.003192398
0.003696656
0.002610923
0.003596899
0.001584118
0.00053094
0.002870933
0.003480546
0.002490561
0.002666166
0.002830891
0.001865696
0.001351916
0.002690726
0.000308584
0.00221736
0.003121969
0.001980412
0.001989731
0.003098086
0.00340922
0.002932829
0.001249342
0.002450399
0.001170033
0.002715343
0.002887474
0.001634712
0.000798487
0.000310426
0.002780288
0.002081252
0.003255448
0.001886134
0.001359998
0.001798651
0.002837513
0.002131225
0.002724458
0.003747468
0.001847955
0.00275965
0.001824575
0.002792886
0.002345151
0.002422415
0.001602877
0.000500259
0.002564222
0.001576055
0.001252014
0.001424591
0.000793356
0.002608853
0.000270941
0.000836403
0.003752238
0.002521797
0.00293231
0.001834125
0.003394901
0.002258538
0.002361106
0.001756639
0.002564702
0.001457205
0.002266082
0.003629595
0.001384148
0.002619438
0.004058923
0.001995743
0.000530755
0.00066239
0.003772727
0.002648781
0.00268539
0.001401556
0.002287399
0.00096829
0.003107207
0.003533748
0.003198974
0.001362873
0.002303949
0.000285184
0.002692111
0.002117769
0.002355766
0.003901434
0.003472739
0.001082994
0.00307593
0.003685138
0.002651511
0.002961021
0.002100716
0.001896646
0.002027936
0.001762117
0.002334806
0.000923457
0.001655485
0.002552005
0.003000664
0.002418356
0.002983669
0.002370807
0.002409765
0.003142703
0.003028154
0.003704144
0.00012598
0.002819575
0.002121823
0.002218771
0.003459312
0.002726527
0.003571248
0.003501495
0.002567175
0.00258434
0.003654722
0.002811021
0.002100665
0.001813979
0.00057982
0.001323675
0.001473061
0.000257089
0.00275629
0.002503813
0.00176353
0.002255172
0.001736255
0.002074214
0.003875267
0.001374526
0.002309372
0.000790969
0.002718871
0.002523927
0.002360779
0.003113374
0.002713999
0.003972202
0.001627153
0.002392275
0.00152593
0.001980741
0.002111863
0.004132464
0.003172594
0.002958841
0.002861575
0.003703109
0.003018228
0.003100729
0.002668392
0.001411957
0.002042391
0.002170589
0.00254825
0.000666622
0.001180324
0.00364329
0.002368199
0.00227666
0.003750357
0.00254722
0.002930395
0.002543461
0.002303297
0.000994372
0.002945732
0.001156492
0.000902335
0.002264613
0.000977219
0.003761827
0.001540251
0.00294777
0.002962599
0.001994506
0.003223884
0.002325017
0.003661318
0.003458965
0.004243155
0.000498277
0.001252247
0.0006545
0.003285162
0.001222712
0.003201378
0.003344845
0.002406083
0.003858181
0.001923398
0.002090075
0.001684936
0.002192334
0.003301454
0.002959838
0.002314126
0.001831692
0.001309079
0.002964925
0.002660522
0.002049326
0.003697611
0.001932375
0.003077749
0.001529155
0.00239018
0.002872228
0.000394838
0.001692237
0.000869113
0.001939698
0.003817699
0.001662459
0.003953063
0.001563271
0.000633232
0.003426246
0.000591419
0.001745852
0.001863655
0.000981392
0.003194551
0.001133511
0.000379701
0.000492571
0.002712948
0.002184464
0.001579176
0.003234106
0.003451529
0.002138342
0.001674336
0.003847955
0.002415057
0.003544241
0.00293069
0.003885669
0.001118587
0.001716007
0.002352155
0.002128308
0.003008538
0.002830003
0.002766189
0.001538848
0.002787235
0.003528845
0.003248925
0.001664133
0.002644687
0.002206664
0.000725918
0.002582506
0.004239777
0.003725226
0.000896923
0.000608752
0.003141879
0.001800619
0.003090598
0.003422358
0.000780355
0.003489889
0.003586929
0.003033521
0.000456296
0.00349274
0.001638592
0.002754596
0.001508252
0.003085404
0.003343366
0.002431387
0.001368816
0.003267042
0.001434101
0.002420678
0.00263307
0.002510595
0.000725385
0.002714362
0.000538341
0.003184543
0.001777941
0.003748819
0.001273283
0.000526647
0.003659744
0.00197342
0.001132951
0.002615538
0.003116205
0.00191435
0.001658199
0.002735452
0.000853992
0.00326162
0.001634332
0.004104511
0.000156439
0.00062414
0.003770034
0.002882245
0.000951046
0.002210078
0.003050727
0.003039578
0.002703884
0.002629433
0.001042943
0.001290005
0.002742058
0.003315669
0.002059089
0.003249851
0.003606241
0.002467902
0.002029258
0.001209106
0.002128503
0.001659775
0.003941709
0.001367362
0.003369859
0.00252678
0.002840184
0.001554304
0.003280527
0.003694848
0.001107112
0.003950447
0.000682731
0.001994084
0.001476358
0.002501826
0.00098224
0.002132684
0.001047574
0.001481807
0.00208549
0.002807207
0.003436253
0.002398712
0.000216327
0.002267037
0.001491709
0.002647808
0.000566413
0.002339373
0.000210872
0.003073392
0.002527425
0.002058191
0.001197865
0.001526127
0.002601612
0.002836757
0.000826703
0.002434723
0.002522428
0.002551724
0.003621198
0.002346424
0.002471671
0.002856632
0.003286945
0.003158916
0.00337535
0.001186904
0.002348667
0.002250892
0.001052238
0.002674746
0.002349886
0.004081014
0.003546598
0.002954107
0.004220443
0.003889647
0.002406142
0.002330521
0.003349377
0.00264293
0.003783682
0.001415715
0.000537515
0.001580669
0.003108186
0.003425521
0.003142456
0.000582201
0.002845397
0.001865998
0.003031771
0.00258528
0.001484685
0.002815384
0.001821452
0.001277306
0.000263951
0.002523563
0.003416862
0.002062613
0.003121117
0.00142193
0.003134686
0.002264654
0.003628982
0.00275532
0.002936443
0.002047934
0.00269854
0.001721829
0.001529196
0.003901058
0.002807767
0.002289091
0.002476986
0.003929894
0.001549392
0.003132477
0.002291698
0.003732851
0.000308774
0.002113304
0.003264086
0.001288639
0.000575954
0.00382657
0.001596022
0.001244274
0.001567359
0.001074661
0.002682858
0.002797632
0.001365533
0.001116027
0.000763605
0.002399976
0.001287255
0.002898746
0.00265074
0.002449497
0.002435836
0.002558982
0.002168895
0.000954623
0.003756822
0.001064479
0.001869824
0.00291884
0.000592475
0.00327369
0.003363618
0.001155732
0.000813575
0.002636127
0.003216278
0.001947333
0.003039366
0.002806836
0.003891472
0.003492963
0.001286606
0.00133387
0.003157128
0.001238772
0.002561807
0.0030314
0.000586972
0.003772814
0.000711905
0.002931495
0.002576901
0.001647124
0.002882181
0.003370553
0.002792958
0.001762275
0.002279842
0.003825038
0.003670921
0.003459952
0.000899962
0.002050905
0.00265729
0.000939879
0.002932617
0.003679694
0.002874477
0.002237471
0.003249861
0.001017803
0.000858386
0.003102214
0.000324299
0.002695824
0.001695861
0.003379782
0.003003149
0.003086485
0.002867028
0.003920327
0.002963942
0.002392176
0.002443212
0.002849918
0.003763231
0.003031532
0.003740388
0.002707353
0.00236365
0.002470069
0.000124716
0.003110665
0.001190375
0.000464279
0.002297381
0.003045622
0.000661396
0.000654088
0.000972908
0.003394541
0.00089917
0.003219701
0.001690713
0.002788349
0.002932123
0.00332588
0.00184982
0.003314894
0.001931996
0.003448354
0.001670504
0.003239068
0.001104681
0.00126745
0.000248874
0.002014243
0.002519573
0.003492613
0.003412773
0.002263131
0.000258146
0.000762846
0.003684078
0.001919398
0.000270511
0.000632692
0.003013858
0.001422157
0.001104183
0.00095518
0.001552025
0.002545609
0.00363722
0.00291181
0.002328642
0.001575741
0.003334148
0.002128286
0.003335168
0.001253831
0.004033066
0.002973749
0.002240551
0.002296892
0.000799277
0.001936569
0.001899679
0.002823171
0.003210097
0.004272999
0.002959498
0.003864127
0.001247891
0.002152932
0.003306546
0.001907686
0.003824774
0.001436754
0.001837597
0.001718293
0.003706009
0.003227219
0.002491448
0.000511078
0.001530578
0.002364488
0.00029622
0.001442166
0.002187829
0.003190413
0.002564251
0.001816438
0.003311062
0.002374981
0.003225147
0.00141126
0.000111638
0.004128341
0.000825419
0.003100368
0.000718873
0.002406421
0.00220107
0.002727314
0.002076005
0.000762953
0.003285138
0.002508401
0.001288685
0.003613666
0.003290262
0.002322594
0.002402834
0.002103666
0.001829556
0.002385923
0.001472765
0.002021587
0.001441072
0.003532906
0.002665764
0.001568665
0.001368374
0.000804746
0.002395265
0.004018546
0.001033277
0.00276173
0.001050336
0.003155367
0.003287968
0.001005887
0.003339906
0.00186322
0.001298824
0.000998536
0.002386234
0.003216028
0.002526598
0.003899991
0.002305305
0.002964863
0.002171779
0.000421898
0.003029909
0.0008685
0.003463291
0.002297017
0.002496367
0.002939278
0.003162315
0.001233054
0.001717507
0.001224692
0.001734735
0.003779789
0.002693923
0.003449062
0.002802834
0.002024914
0.002743433
0.003149805
0.003704247
0.002627091
0.001404284
0.00099818
0.001200455
0.001934099
0.001076593
0.002688685
0.003519952
0.003306846
0.00247326
0.00261827
0.00311348
0.002816198
0.003150451
0.003607118
0.003927555
0.00206864
0.00265065
0.00260656
0.00315488
0.002529547
0.002709789
0.001895925
0.002982424
0.00220503
0.00201881
0.002353018
0.002473432
0.003139596
0.00105161
0.002533762
0.002716346
0.00300356
0.000434178
0.002468427
0.002680402
0.002651488
0.003624595
0.003448538
0.001732451
0.002564343
0.002363182
0.002159407
0.003805843
0.003578095
0.003353376
0.000183535
0.001505167
0.003222556
0.001387953
0.002658238
0.002162479
0.003308022
0.002938187
0.002380151
0.004130706
0.003725699
0.000501944
0.003466869
0.001399247
0.000862155
0.000203251
0.001050936
0.001547348
0.001003392
0.000422565
0.003120236
0.003569099
0.000850568
0.003081186
0.002876012
0.003157961
0.002149851
0.002706367
0.003403368
0.002969114
0.002045267
0.003666034
0.002197581
0.002405081
0.003171204
0.002073948
0.002973991
0.004453632
0.001130299
0.002039227
0.002064216
0.002563498
0.001863694
0.002337121
0.001539424
0.002085312
0.001887569
0.002443428
0.003270349
0.003568591
0.003361785
0.003967958
0.003529044
0.002641221
0.00382524
0.0025269
0.000244957
0.001347234
0.00208815
0.00237257
0.001528496
0.001370291
0.002925486
0.001384202
0.001699198
0.001828168
0.001349409
0.002349158
0.003372555
0.00323675
0.00063411
0.001302215
0.002254064
0.003089771
0.001964717
0.003134541
0.000953781
0.000830702
0.002912669
0.003444215
0.002173882
0.003568916
0.001053373
0.00262098
0.002823544
0.002764281
0.003092651
0.000629687
0.002968115
0.001385795
0.000711171
0.002672706
0.002619604
0.002684209
0.002140553
0.001147863
0.001897199
0.002645083
0.00196886
0.001853849
0.001567099
0.000987416
0.001251726
0.002022172
0.002033559
0.0030546
0.001257291
0.00156957
0.001986742
0.001140565
0.00289654
0.000812622
0.001504299
0.002493841
0.002110394
0.002621553
0.001820421
0.003296076
0.001764525
0.003571718
0.000614024
0.000317464
0.003148832
0.002046226
0.001346016
0.002069252
0.00333578
0.001931549
0.002263632
0.002956953
0.002883195
0.001660087
0.000677756
0.001817621
0.002857554
0.002455042
0.002135955
0.003397944
0.003016754
0.002898605
0.001249179
0.00248557
0.002312463
0.001984614
0.001849817
0.001872816
0.001900927
0.003174576
0.003081371
0.001601946
0.002710062
0.002558505
0.002855884
0.003712182
0.00161067
0.003884989
0.002956911
0.000477472
0.002934597
0.001752393
0.002858036
0.002437106
0.003046338
0.001362265
0.000841959
0.000166879
0.001913918
0.002761584
0.002322929
0.001641931
0.00289645
0.003083462
0.002803504
0.003123195
0.002303193
0.002478942
0.002785599
0.001228719
0.000600294
0.000536023
0.00202627
0.002563078
0.003487998
0.003061815
0.003451547
0.001990065
0.001779401
0.002107564
0.003404079
0.003253499
0.001717261
0.002512386
0.003216534
0.002893566
0.001566872
0.002463271
0.003125705
0.001397924
0.001937473
0.001428986
0.00368857
0.002238869
0.002385218
0.002361667
0.003624005
0.000764685
0.002237264
0.003635403
0.001361048
0.003804375
0.002879347
0.001398727
0.002446927
0.001810457
0.002469097
0.002774916
0.002576401
0.00237213
0.001368994
0.003856291
0.002665359
0.002873717
0.002940086
0.002054116
0.000446231
0.001389843
0.000705396
0.003781866
0.002097156
0.002145544
0.003269708
0.002765693
0.002001821
0.002699835
0.000295623
0.001195996
0.00213229
0.000251905
0.001386961
0.003290521
0.000840038
0.003118537
0.003174703
0.002713826
0.001581811
0.002018125
0.002711836
0.002645861
0.001984088
0.000846152
0.003719099
0.002240316
0.003491932
0.004419407
0.001283912
0.000646788
0.00103705
0.003389543
0.003519114
0.00089888
0.001602692
0.001089693
0.001806355
0.002577361
0.002131878
0.001856651
0.001077176
0.001636864
0.003298332
0.002936721
0.002281171
0.003392327
0.000222794
0.000353315
0.002580887
0.002026926
0.001381569
0.000399457
0.002754949
0.002224077
0.002282883
0.001312958
0.003450839
0.002780369
0.000577898
0.001730876
0.003292985
0.002823715
0.00279921
0.003421101
0.000922717
0.001787183
0.003365459
0.001522439
0.003840611
0.002781076
0.002912
0.004219877
0.003158842
0.00315392
0.001771462
0.001660746
0.001768455
0.001868253
0.001112606
0.002766119
0.002495098
0.002441918
0.00317502
0.002389808
0.002518824
0.00204585
0.002641776
0.003292287
0.003636708
0.001315884
0.002390399
0.002379157
0.002446584
0.00292245
0.001711156
0.003055301
0.002361091
0.002042277
0.002589434
0.0022738
0.002149156
0.003475896
0.003261263
0.00132196
0.004157178
0.003860814
0.002695721
0.000277652
0.002624577
0.003049548
0.001890213
0.00150649
0.001649746
0.003003111
0.002855109
0.003392965
0.003596097
0.002599592
0.00283641
0.003368211
0.002447207
0.003051931
0.003498035
0.003913632
0.003357458
0.003173767
0.002012918
0.003303098
0.000431971
0.002100226
0.002898215
0.000251155
0.001933145
0.001311917
0.002442267
0.001843065
0.000387114
0.002515202
0.003555173
0.001442978
0.001550578
0.002841328
0.003408473
0.002786748
0.002911113
0.002885964
0.001848111
0.002847918
0.000649971
0.002834446
0.000563197
0.001714948
0.002200731
0.002422164
0.003586668
0.003862602
0.001366017
0.00306013
0.001392796
0.003259502
0.002280728
0.003411155
0.002821096
0.000848044
0.000857394
0.002856572
0.003502089
0.003557098
0.00291207
0.003636609
0.002716585
0.002500116
0.000135861
0.002287498
0.002226658
0.001800949
0.002577375
0.00153359
0.00356196
0.003521635
0.002319732
0.002486446
0.003074177
0.002254795
0.000719533
0.002191113
0.002175117
0.002770352
0.001661302
0.003130179
0.002087599
0.001652684
0.000813557
0.003762479
0.00286873
0.003791837
0.003213006
0.002086703
0.000789526
0.001991616
0.00221867
0.002289588
0.001751158
0.003053253
0.002347599
0.002458664
0.003815995
0.00168264
0.002820902
0.00112459
0.000842848
0.002367712
0.002882816
0.000628745
0.00349916
0.001775274
0.003214692
0.003498585
0.001891598
0.001119981
0.003588887
0.000892328
0.003670984
0.001822825
0.003995022
0.002332503
0.00216254
0.002549951
0.002953664
0.001221842
0.002804459
0.000695502
0.001092868
0.001569493
0.000343772
0.001294252
0.003217317
0.002360645
0.00387696
0.001923127
0.003734582
0.003064554
0.003491224
0.002456673
0.001191103
0.001083638
0.001553341
0.002482295
0.003063577
0.001872627
0.001916661
0.001447836
0.002794747
0.001885443
0.00348236
0.001021174
0.001573135
0.001790221
0.003023862
0.003135921
0.00107397
0.00315698
0.001526512
0.002320768
0.001820043
0.003312242
0.002947865
0.001235503
0.002859852
0.002433692
0.003074777
0.002392933
0.001509862
0.002587539
0.002350532
0.002554058
0.002134273
0.00024418
0.001735868
0.00310861
0.001822644
0.001993228
0.003655002
0.00288978
0.002320774
0.001563984
0.002288186
0.002218074
0.002780571
0.000572478
0.004001279
0.001371826
0.002033912
0.003828198
0.001431798
0.003582322
0.003801867
0.001032019
0.002847359
0.002831637
0.002287613
0.001828426
0.001526106
0.0030185
0.002748625
0.002456581
0.002801664
0.00319197
0.003524179
0.003620676
0.003464033
0.003297069
0.003272064
0.003121874
0.003147319
0.001526027
0.002734697
0.001903651
0.00389775
0.003641137
0.002706762
0.004040677
0.001601189
0.002895014
0.002569676
0.002606987
0.001456705
0.002242099
0.00243152
0.003023605
0.00306338
0.003327313
0.002243973
0.002497699
0.003010078
0.002172594
0.001996871
0.00315297
0.00217652
0.002652134
0.000798634
0.004387752
0.003440053
0.001607067
0.003543659
0.002794588
0.003914849
0.002805668
0.001972614
0.001932587
0.000894277
0.002155261
0.002934956
0.002916839
0.003840205
0.00145137
0.002790621
0.003156997
0.003047617
0.002581213
0.00033928
0.003275395
0.004103141
0.002371456
0.001764159
0.000254703
0.00272511
0.002992113
0.002464838
0.003694866
0.003295325
0.002845285
0.001383299
0.003458596
0.002591849
0.002720522
0.00361972
0.002752308
0.000598316
0.000199252
0.002147967
0.002642533
0.00139881
0.003478016
0.003427908
0.002951155
0.00267968
0.002420623
0.003047662
0.002903695
0.002581667
0.00088142
0.001653378
0.001885261
0.001663497
0.000917183
0.002891949
0.001993701
0.00142974
0.001976147
0.002289761
0.000832368
0.001462062
0.002888253
0.003447257
0.003699176
0.002938933
0.002325869
0.002163592
0.001757627
0.002533362
0.003725615
0.003175273
0.004371048
0.003039878
0.002103504
0.001745772
0.002750804
0.002747618
0.002986135
0.003164919
0.003472178
0.003105797
0.000955612
0.003788974
0.00334124
0.002026601
0.001998127
0.001422425
0.003644931
0.002711546
0.001338085
0.001905843
0.003045505
0.001361505
0.001969773
0.003572089
0.002784512
0.003129361
0.002747499
0.002846268
0.002486504
0.002904702
0.002410158
0.004108101
0.003555147
0.003597465
0.00027816
0.003500591
0.003153141
0.000155158
0.003006169
0.000882237
0.001964279
0.003311467
0.002352848
0.000860319
0.003268491
0.00306427
0.003416844
0.002252385
0.003028344
0.003786176
0.002058749
0.002187567
0.003847295
0.002933334
0.00253646
0.002485564
0.000484763
0.002787131
0.001474618
0.003163762
0.002354431
0.003018959
0.001219625
0.001946218
0.002429255
0.001634668
0.003231884
0.00302025
0.00142776
0.001962681
0.003204949
0.001797935
0.001497022
0.001592971
0.002407838
0.000605777
0.003637799
0.003322935
0.002187467
0.003624712
0.00217695
0.000462051
0.003139601
0.000612673
0.000783854
0.00371173
0.003794899
0.002222741
0.001968662
0.001991599
0.001356268
0.002116822
0.003031476
0.003935917
0.002532509
0.002220935
0.000651988
0.002833813
0.00275539
0.002871916
0.002700593
0.002449409
0.002380548
0.00226872
0.002868314
0.002459331
0.002636632
0.002842947
0.001615771
0.002887817
0.003273805
0.002117938
0.002390455
0.001478095
0.002926673
0.00174503
0.002122996
0.00152165
0.002278054
0.002200285
0.003184868
0.002450537
0.00343661
0.002829108
0.000291639
0.002710923
0.003320604
0.001697717
0.003313609
0.002965053
0.003203198
0.002447549
0.003298077
0.004026542
0.002243295
0.003620577
0.002055681
0.003871756
0.002233419
0.00259356
0.002223046
0.004174457
0.000688583
0.001345942
0.001160128
0.000899046
0.002543899
0.004261833
0.003535516
0.00249348
0.003573468
0.003145372
0.003785118
0.001706223
0.002977742
0.002766813
0.00341214
0.003352384
0.001706946
0.003216631
0.003432468
0.002986935
0.00171769
0.003707397
0.003687153
0.00360833
0.003237579
0.003028847
0.003635913
0.0025402
0.001713805
0.003338902
0.000924055
0.001406027
0.001703313
0.003394924
0.002553073
0.003578644
0.00383913
0.003066224
0.000707421
0.003597352
0.003532335
0.002355036
0.000681901
0.002880529
0.001781267
0.002370339
0.002466949
0.001118943
0.002447374
0.001324059
0.001976869
0.002878174
0.003149192
0.000749962
0.003404406
0.001682298
0.002000901
0.002988514
0.001947597
0.002215777
0.002657459
0.000676359
0.001446843
0.002086346
0.002916436
0.003348427
0.002410345
0.002354465
0.00255855
0.004169275
0.003336786
0.001618623
0.003000653
0.00276284
0.003464424
0.003607769
0.002331974
0.001464678
0.002023211
0.002142122
0.003001931
0.002185705
0.003939762
0.001192069
0.002824803
0.002848653
0.00135909
0.002996468
0.001813014
0.00147462
0.002781647
0.00288835
0.003806615
0.002554621
0.001544355
0.001094785
0.001482211
0.002009423
0.003834382
0.001161
0.003642478
0.001614766
0.003395858
0.003915449
0.002448968
0.001228756
0.002765868
0.003405616
0.002907736
0.001022333
0.001029515
0.002876507
0.002296477
0.002043969
0.002713855
0.002508118
0.003391442
0.000447638
0.000301557
0.003887945
0.002585556
0.003515546
0.000689397
0.003235343
0.002552652
0.003148931
0.002261193
0.004386001
0.002539479
0.002879865
0.001325899
0.002689616
0.002794118
0.003371631
0.002470928
0.00283873
0.003444094
0.001812784
0.000893343
0.002845778
0.002903963
0.002605805
0.001810883
0.003847522
0.002728507
0.001789938
0.0039155
0.001472798
0.003844373
0.002393596
0.002007355
0.000849563
0.003386878
0.003105736
0.003342173
0.003483182
0.002339209
0.002988196
0.001637103
0.002882756
0.002786093
0.001824344
0.002852929
0.002852394
0.000738293
0.003791731
0.001655696
0.002922733
0.002849553
0.002536198
0.003248205
0.003008405
0.002063599
0.002356163
0.002066042
0.003732534
0.001119434
0.003038977
0.003094836
0.001237005
0.003966437
0.002970124
0.002449229
0.001851971
0.003146095
0.00280573
0.003366248
0.003049737
0.001570881
0.001451814
0.001826307
0.001154074
0.000746772
0.003322514
0.000716374
0.003864844
0.003015591
0.002843267
0.00265669
0.001823986
0.002091389
0.00084459
0.0029311
0.003766094
0.001046434
0.003482015
0.00355655
0.003046852
0.002265141
0.003116294
0.000617406
0.002349289
0.00167562
0.003668932
0.003601189
0.001529296
0.002651361
0.002304375
0.002893901
0.000695501
0.002792785
0.00375569
0.00383542
0.003511897
0.000908398
0.002774688
0.000805521
0.002852155
0.001879051
0.00431827
0.000846418
0.000395415
0.003660462
0.002730227
0.002739289
0.001996563
0.000832338
0.002558742
0.001066381
0.002514939
0.003115438
0.002706603
0.003242257
0.003224039
0.003679869
0.003013442
0.001532364
0.002824718
0.002580245
0.001703881
0.003519941
0.000944449
0.000914619
0.001160948
0.000668485
0.002835721
0.002095215
0.003222898
0.001898413
0.003105765
0.001395047
0.001498256
0.003804255
0.002635802
0.001248238
0.002196148
0.002060632
0.002722991
0.00359174
0.001204401
0.002953507
0.003024513
0.002728878
0.002647619
0.002218407
0.003190963
0.002506828
0.00281266
0.003144791
0.002471637
0.001881558
0.001108489
0.002721093
0.001925681
0.003006804
0.002422047
0.000592678
0.004324982
0.003415288
0.000972774
0.00372457
0.001730004
0.004132348
0.003225517
0.002603461
0.001963581
0.002870536
0.004065633
0.003198638
0.003214518
0.002396806
0.002167177
0.00342531
0.003639062
0.001859921
0.00064067
0.000297098
0.002967551
0.003321984
0.001436032
0.002545916
0.003585506
0.000835916
0.002412005
0.002754221
0.001696697
0.003343796
0.002735976
0.003131537
0.003071593
0.00066451
0.001074677
0.002618961
0.002425573
0.003394077
0.002682173
0.003262786
0.001529441
0.003127301
0.000547627
0.003554414
0.001576985
0.003208882
0.001398473
0.00328587
0.003498188
0.000880761
0.000984777
0.003306848
0.002035398
0.001477497
0.002292329
0.002754316
0.002882666
0.001881328
0.001483288
0.001681244
0.001924977
0.002978742
0.001539777
0.000788202
0.003648733
0.003753528
0.002709507
0.002927241
0.002967707
0.002570689
0.003588973
0.002791496
0.00424523
0.002786653
0.002201441
0.003411938
0.003176969
0.004044901
0.003539194
0.002788582
0.002433461
0.002993069
0.003176011
0.002399801
0.002872701
0.002778864
0.002725657
0.003024605
0.002697181
0.000638357
0.003312582
0.001768491
0.001213694
0.002872881
0.00206974
0.002028811
0.001953068
0.003977544
0.000599988
0.001053369
0.001178319
0.002956238
0.003500146
0.001652811
0.001710892
0.00221187
0.003877544
0.004007925
0.002464127
0.002056694
0.003391983
0.002613462
0.00250547
0.002876385
0.003022956
0.001884761
0.003090418
0.003705337
0.002400067
0.001423148
0.001611984
0.000497615
0.002895556
0.003387374
0.001673327
0.002134995
0.001596383
0.002633351
0.003606778
0.001887078
0.003261903
0.001756398
0.000897727
0.003643655
0.00295122
0.003105759
0.001897114
0.000681595
0.003945703
0.001314537
0.00188775
0.002083174
0.002179904
0.002001219
0.000398861
0.003060903
0.000938454
0.001539729
0.002829314
0.002309633
0.001695704
0.002288676
0.003503792
0.002689744
0.003170947
0.002662763
0.002186765
0.002229243
0.002632256
0.002356137
0.002703086
0.003693874
0.002222346
0.001051415
0.003793374
0.003322914
0.002620534
0.001995677
0.001742606
0.002482101
0.002891984
0.003696831
0.003848189
0.00019439
0.002212762
0.004131255
0.002249502
0.002908865
0.001079907
0.002534919
0.002978979
0.003342995
0.000809627
0.001937612
0.003164776
0.003421527
0.002960018
0.003424301
0.003621144
0.001335035
0.000759566
0.002898468
0.001304265
0.001249938
0.002596506
0.002772215
0.002602766
0.002024415
0.000805025
0.002420394
0.003138976
0.001692619
0.002726219
0.000708408
0.003032333
0.00214706
0.000360453
0.001271975
0.003321069
0.002759346
0.001425597
0.001854218
0.001314407
0.000850249
0.002353231
0.002379024
0.003094685
0.000962815
0.003850661
0.00269302
0.003743997
0.0007446
0.003258505
0.001969578
0.000284806
0.002628882
0.001409203
0.003279654
0.002559809
0.002750467
0.0016979
0.000243047
0.003629672
0.000526961
0.003808575
0.003494492
0.002505928
0.001191815
0.002224464
0.003327675
0.001728647
0.002672087
0.003826378
0.003899293
0.003182047
0.00364918
0.001793627
0.003136897
0.000589812
0.004106946
0.000947937
0.002411578
0.003358102
0.00266081
0.003101429
0.001991865
0.000679955
0.002553946
0.003100229
0.002337507
0.002615569
0.001488799
0.000890683
0.003374494
0.002544135
0.003420818
0.001743306
0.003603669
0.000997781
0.002474745
0.001476405
0.003373529
0.002758406
0.002604457
0.00054248
0.002440317
0.00302185
0.001999207
0.002820055
0.003008702
0.001857356
0.002008551
0.003094753
0.000446271
0.003015504
0.003222629
0.002839313
0.002567989
0.003432632
0.002348297
0.002528279
0.000525016
0.003454262
0.002486259
0.002899642
0.002932094
0.003177646
0.001960187
0.003456766
0.000848251
0.002356232
0.001646207
0.003859806
0.002034291
0.002269604
0.002504679
0.002671539
0.003517416
0.003503311
0.002126267
0.000888339
0.001548408
0.002324642
0.002404447
0.000783801
0.001232091
0.000778385
0.000860366
0.003623623
0.001100327
0.002791023
0.003319186
0.001847596
0.003001333
0.002038393
0.003489334
0.001272893
0.003537289
0.002863306
0.002564625
0.003352344
0.002923132
0.001692649
0.001793476
0.003070056
0.002570653
0.002624251
0.001774143
0.003737434
0.002164292
0.001460532
0.0017447
0.001849561
0.003575964
0.003498283
0.002656938
0.002836924
0.002714262
0.003902802
0.00180556
0.000527367
0.000594245
0.001266065
0.001210781
0.00049961
0.001324913
0.001221774
0.00372484
0.002574062
0.00196972
0.003429441
0.002548221
0.003668635
0.00262473
0.001343085
0.003058837
0.002913677
0.002446745
0.003534924
0.003941011
0.003351291
0.001761761
0.002187383
0.002676518
0.001437454
0.002247292
0.001696554
0.003849702
0.003473367
0.001288636
0.000250823
0.002486461
0.002687558
0.000962479
0.000630299
0.003754501
0.003427791
0.002617091
0.001473549
0.003868344
0.002076629
0.002075039
0.003441547
0.000583374
0.002219065
0.00315463
0.000803389
0.001556276
0.001700646
0.002841179
0.002749375
0.002093255
0.002833623
0.00131629
0.003023743
0.001524287
0.003086644
0.003511638
0.00166817
0.002814307
0.002522514
0.002716368
0.000638824
0.002575346
0.003911916
0.004132247
0.003779218
0.002248733
0.002796889
0.000905221
0.001544406
0.003881455
0.001608212
0.002258669
0.001509376
0.002280468
0.004024505
0.002745148
0.003520857
0.00325215
0.001942228
0.002833885
0.001739381
0.001622733
0.002027914
0.003006487
0.003559616
0.002024338
0.00101652
0.003664414
0.00050162
0.00159052
0.000609024
0.003300009
0.001645301
0.002835153
0.000201371
0.001503369
0.001783592
0.001957912
0.000167826
0.003514598
0.001074317
0.002180471
0.001431594
0.000684169
0.003124859
0.002022786
0.003122187
0.002729187
0.001752883
0.001236121
0.003109413
0.003915825
0.003035853
0.001694866
0.003072709
0.002766334
0.000870928
0.003948441
0.001474816
0.001205707
0.003583896
0.003924337
0.003064936
0.002031042
0.002129061
0.003523465
0.002827241
0.00174229
0.002421979
0.001419846
0.001821596
0.001155762
0.000729052
0.001522309
0.002986442
0.002666847
0.002704459
0.003413187
0.002300033
0.001341973
0.001072156
0.003021636
0.003017327
0.003131478
0.003086221
0.000764619
0.002945925
0.002902785
0.001681572
0.002458963
0.002976607
0.001646636
0.002259537
0.000233731
0.003180905
0.003272313
0.003072641
0.001973723
0.00296024
0.00143154
0.003260205
0.002456149
0.001745807
0.00311678
0.002976389
0.002244932
0.002312753
0.001095452
0.002919354
0.001850622
0.002203757
0.00126795
0.003728046
0.001528903
0.001759244
0.003923776
0.003704592
0.003738542
0.000305923
0.000789421
0.003272902
0.000873405
0.002195087
0.002981657
0.00305292
0.00362169
0.002574235
0.001023271
0.002167637
0.000788058
0.000567128
0.002792147
0.001200478
0.003744846
0.001245623
0.001497806
0.002364322
0.001900915
0.002725152
0.003159113
0.002297662
0.002067591
0.001121668
0.001918916
0.002667178
0.003178771
0.002291724
0.002961931
0.002196937
0.000823677
0.002665884
0.002861615
0.00226817
0.001521373
0.001667312
0.002150185
0.003125499
0.001888057
0.003231679
0.002852139
0.001966915
0.003209312
0.003162822
0.004256989
0.001149707
0.00217135
0.002820035
0.002892626
0.002166245
0.002644013
0.000732691
0.000752113
0.003482173
0.004045686
0.002867188
0.003256761
0.002405409
0.003273561
0.002757406
0.002719713
0.001948606
0.001446819
0.004069141
0.000557997
0.002392049
0.002986185
0.001619416
0.000388473
0.001911849
0.004151551
0.002755957
0.002967761
0.002954977
0.003205581
0.0006861
0.003475666
0.002144027
0.000683689
0.001004119
0.003494734
0.000739236
0.002293226
0.002953078
0.003444883
0.002889059
0.00313634
0.002042827
0.001796607
0.002406665
0.002644722
0.001471115
0.001811183
0.001642355
0.001873379
0.003893783
0.001167433
0.002447034
0.002703291
0.002386585
0.003520248
0.001830661
0.000479761
0.001944833
0.003622556
0.002840683
0.003935521
0.002027719
0.002866728
0.002798921
0.00235439
0.00126134
0.001698849
0.003929573
0.000333491
0.001551808
0.003848399
0.00321237
0.003179544
0.002400135
0.002882905
0.000756851
0.000745609
0.001345631
0.002929782
0.003773228
0.00287799
0.002880529
0.00223437
0.001524566
0.001889003
0.00175287
0.00275734
0.002556337
0.002435646
0.000420297
0.004002052
0.001525097
0.003320148
0.003033097
0.001567414
0.001950863
0.003646518
0.001344324
0.003801307
0.000862837
0.002371812
0.002108218
0.000392213
0.000653549
0.000781004
0.001193843
0.001130401
0.003025427
0.003314806
0.001246123
0.000803597
0.002222242
0.003758978
0.0025563
0.002478553
0.002937001
0.003552364
0.002000386
0.003528939
0.003020708
0.003578901
0.003232992
0.000462112
0.004009248
0.001185791
0.001338036
0.004042415
0.00298172
0.0022706
0.000889532
0.001267567
0.001204886
0.002349182
0.003067331
0.00277658
0.002927188
0.001724901
0.000669687
0.003510837
0.00313704
0.001876001
0.00129103
0.001451867
0.001921897
0.003730088
0.002269311
0.003011844
0.000671877
0.002878231
0.000246319
0.000583537
0.003035281
0.002773961
0.002821593
0.001817571
0.003266689
0.002459852
0.001402485
0.002804297
0.003260552
0.001240876
0.003092474
0.0034494
0.000553225
0.002065093
0.003027632
0.002807827
0.002425294
0.002649193
0.00151367
0.004246681
0.001416357
0.003112257
0.003400196
0.000766866
0.000308151
0.002764859
0.002314144
0.003215643
0.002831575
0.003902012
0.002222096
0.001562913
0.001472042
0.003208978
0.001334921
0.00106089
0.00372406
0.003311098
0.003533378
0.002658149
0.000601576
0.00336161
0.000886035
0.002390375
0.003726739
0.000304133
0.002588947
0.001543076
0.000711337
0.002875839
0.001099429
0.002506308
0.00361683
0.001644006
0.001482784
0.003152817
0.002696213
0.001587121
0.002624467
0.002259792
0.002151714
0.002827196
0.001783726
0.000814061
0.003472884
0.00192205
0.001604737
0.000856188
0.00187665
0.003117048
0.002259143
0.003757814
0.001515861
0.003184929
0.002515373
0.001899034
0.001919413
0.003168912
0.000844704
0.003160994
0.001650708
0.002121966
0.003286443
0.002879916
0.002966707
0.001643289
0.000696226
0.003422843
0.003682786
0.00290367
0.001302425
0.002039787
0.001803584
0.000619915
0.001849307
0.00106451
0.002155029
0.003136178
0.003250648
0.003324291
0.002311067
0.003207098
0.002172388
0.000705731
0.001787306
0.001677043
0.001594284
0.00193918
0.003555592
0.003873662
0.002175592
0.003662385
0.000238896
0.002699464
0.00251844
0.003234623
0.004837549
0.002477527
0.001129781
0.002302675
0.003527177
0.003811199
0.003539797
0.000278876
0.003333802
0.002156147
0.002416914
0.002688346
0.002567507
0.003615289
0.00257996
0.002123056
0.002413513
0.002975331
0.003367454
0.002373127
0.003372817
0.002030025
0.000479796
0.002714681
0.003792591
0.001953904
0.001933051
0.003991538
0.002521736
0.002793932
0.002435228
0.004128775
0.002294661
0.002079699
0.002079773
0.000600887
0.002635401
0.001309055
0.002655813
0.00403597
0.002405012
0.000888448
0.00239953
0.00154126
0.002604915
0.001747101
0.001901484
0.001475044
0.001943826
0.001436705
0.003990633
0.002536302
0.002352745
0.000404274
0.003667016
0.00230871
0.002983511
0.002959359
0.003505546
0.00304947
0.003039215
0.003767713
0.001056536
0.001770129
0.001010853
0.003716072
0.003950295
0.003472438
0.003176571
0.002208235
0.001117284
0.001725556
0.002625919
0.002152157
0.001510954
0.003653581
0.003006393
0.002579157
0.002518549
0.002725119
0.000264191
0.003648563
0.003067464
0.003499286
0.001645555
0.002805261
0.003038562
0.001220559
0.0036794
0.003714999
0.001923728
0.003098383
0.003043461
0.002405751
0.000271606
0.002208732
0.00086562
0.000452939
0.004033412
0.002913342
0.003142169
0.001921825
0.00194368
0.001976418
0.003525374
0.002804375
0.003843471
0.001132565
0.002587885
0.002500146
0.002254139
0.000423427
0.003284959
0.003286851
0.002468297
0.002731631
0.00190465
0.000511656
0.003469799
0.001079643
0.002995666
0.003275501
0.002090328
0.003374632
0.001113502
0.003580622
0.002822107
0.003275155
0.001436385
0.002921081
0.003590541
0.001868086
0.002649595
0.003041019
0.002573408
0.002416994
0.003258297
0.002645615
0.002397424
0.001888359
0.003046661
0.001347281
0.002519939
0.00284853
0.002010432
0.00353119
0.000508457
0.001589334
0.001397588
0.001935959
0.003819012
0.003126602
0.00133576
0.001544335
0.002989432
0.003691375
0.001772883
0.001499344
0.003036589
0.001511258
0.000264362
0.003380452
0.003165731
0.004160206
0.003628423
0.001070088
0.004117029
0.003442211
0.001670637
0.00302723
0.002070826
0.002919495
0.003577299
0.00132195
0.003026799
0.001834689
0.001955297
0.004105776
0.00245979
0.002599432
0.001914323
0.003442978
0.002882629
0.002885012
0.00350329
0.003132659
0.004444951
0.003606263
0.001172889
0.00121286
0.002959986
0.000503842
0.001095905
0.002919276
0.001354652
0.002679498
0.00335164
0.002070371
0.002735284
0.002888631
0.001856015
0.003006045
0.00259318
0.001931122
0.000854044
0.00124374
0.00374597
0.003112076
0.002890365
0.00309453
0.002280406
0.003112125
0.003449332
0.001522128
0.002783648
0.001678038
0.004130406
0.003137832
0.002864595
0.003112718
0.002787335
0.003719804
0.000414577
0.003087502
0.002815231
0.002578681
0.001228757
0.003736792
0.00020105
0.002902877
0.002570297
0.002292185
0.002246925
0.001152666
0.001816643
0.001307816
0.001497886
0.002571117
0.002241994
0.002148123
0.002287572
0.00056943
0.002603984
0.002923354
0.003174314
0.000665096
0.00244444
0.003770872
0.001640671
0.002069274
0.00166202
0.002999691
0.002356162
0.001775832
0.002863764
0.003693871
0.003367332
0.002036513
0.001524406
0.003410026
0.002643654
0.00116827
0.00135111
0.002204596
0.003540469
0.002596575
0.002480267
0.001747541
0.003016013
0.002874186
0.003321204
0.003222435
0.00373275
0.002418214
0.000263156
0.004119461
0.000143116
0.001730775
0.002279504
0.002337946
0.000799587
0.002498269
0.001885992
0.002866424
0.000641534
0.000604745
0.001242626
0.002453748
0.001792129
0.002982425
0.002587388
0.003796602
0.001965445
0.003754782
0.001678354
0.003391135
0.003301921
0.002855664
0.000935684
0.004229502
0.003240286
0.002408539
0.003422982
0.002481415
0.003397009
0.000986068
0.003195747
0.003363455
0.003766591
0.002770095
0.000923826
0.003514013
0.003326466
0.002286848
0.001184902
0.001386498
0.000633661
0.002690468
0.003463933
0.001481211
0.001345943
0.002689199
0.003747846
0.002256744
0.002744169
0.002910584
0.002746749
0.003223242
0.001018844
0.002018166
0.002830527
0.003273279
0.002069904
0.00175546
0.001616651
0.002639977
0.000645562
0.000922961
0.003399104
0.001970808
0.000289703
0.002126677
0.000283559
0.001244283
0.002180807
0.000650108
0.002431753
0.00196116
0.002333342
0.002574687
0.00307556
0.001058716
0.002215234
0.003792585
0.002430185
0.00357029
0.002848888
0.003400616
0.004010499
0.003680066
0.002231636
0.002943056
0.002131849
0.001272224
0.000277227
0.001698285
0.003423952
0.000768362
0.003855283
0.002810573
0.000264197
0.003501818
0.002756458
0.002817266
0.002956275
0.00311916
0.00310275
0.002100513
0.0025536
0.002204315
0.001997169
0.001823159
0.000939991
0.001313327
0.002785036
0.002036283
0.002320472
0.002895084
0.000172057
0.00299342
0.002923777
0.002925875
0.001635123
0.001460842
0.003000808
0.003644048
0.001607779
0.000943598
0.001447708
0.003958427
0.001373993
0.002898634
0.002128079
0.002683113
0.002348819
0.002532117
0.001890209
0.003045449
0.00344704
0.002697104
0.002011348
0.003554809
0.002748656
0.002850228
0.001603995
0.002500904
0.001772873
0.002813945
0.003602791
0.001915362
0.003157928
0.003632423
0.000740406
0.002157828
0.001503704
0.00228017
0.003073729
0.002571275
0.001787785
0.003283712
0.003142097
0.002570971
0.001610763
0.001132377
0.003391692
0.001515106
0.00334202
0.002950015
0.002061918
0.002040277
0.001550757
0.00309464
0.00242758
0.00254621
0.000667771
0.002524125
0.002605708
0.001111913
0.003235321
0.002280545
0.002214669
0.003960205
0.002734593
0.002480987
0.003630235
0.003625303
0.001854808
0.00230822
0.002158135
0.000889021
0.003097834
0.001897343
0.0031549
0.001788099
0.001867359
0.002938233
0.003794198
0.002369882
0.003349991
0.000822263
0.001207509
0.00078139
0.002334568
0.002923334
0.002281184
0.00384196
0.003371873
0.002010239
0.003199803
0.002673712
0.002161104
0.001051134
0.001011676
0.002921565
0.003896649
0.003063632
0.003049167
0.002417836
0.00014078
0.003088457
0.002336385
0.00370883
0.002804741
0.001705004
0.002768055
0.002799526
0.002512347
0.000236378
0.00290561
0.002661769
0.00248929
0.000655628
0.001379195
0.002657336
0.003967143
0.003703009
0.0019411
0.003505702
0.002610576
0.00297497
0.002574856
0.002808727
0.001685146
0.001118909
0.001539067
0.002629902
0.00194248
0.000557487
0.002247116
0.001031578
0.002538065
0.002664505
0.002068013
0.001378561
0.00190373
0.001719898
0.001209008
0.001101149
0.002288078
0.001957017
0.00359824
0.003744035
0.002710609
0.003268876
0.003587147
0.000295248
0.000933302
0.002300483
0.001992945
0.002549848
0.002880595
0.002284973
0.003362882
0.00060445
0.001630784
0.000840395
0.003183893
0.003955853
0.001914028
0.003712047
0.002506225
0.002784091
0.001011407
0.002415733
0.00230993
0.001537399
0.002921734
0.001793445
0.001509491
0.004011959
0.002580672
0.003444243
0.002814063
0.002823417
0.002120155
0.002413417
0.003068178
0.000565232
0.000921059
0.002706691
0.00276298
0.002726166
0.001695346
0.003076317
0.000112308
0.003749143
0.003595431
0.00350553
0.003050216
0.002281304
0.002809885
0.000982669
0.003234597
0.00275673
0.002392962
0.002350694
0.002433293
0.000181275
0.001727075
0.002654954
0.002979801
0.002746355
0.002370475
0.001944543
0.0023931
0.000859844
0.002901876
0.002370968
0.002229416
0.003752423
0.000283109
0.003647167
0.001718597
0.001951015
0.001279117
0.001912217
0.003212011
0.002628835
0.002735415
0.001067144
0.001473879
0.002483386
0.001857184
0.002074731
0.003330914
0.001778049
0.003486343
0.001508967
0.000892171
0.001776956
0.001558495
0.00233849
0.002290937
0.003422474
0.001014994
0.001935402
0.003677031
0.002995947
0.001241732
0.001797958
0.002806843
0.002667881
0.003490393
0.003620679
0.002188166
0.002870883
0.003666566
0.003707315
0.001466189
0.0037067
0.001044161
0.002664364
0.002335286
0.003857985
0.001147578
0.001233851
0.002113519
0.00270854
0.001411467
0.001734295
0.002693925
0.002123791
0.002103307
0.002926188
0.002411679
0.000935902
0.001866624
0.001750561
0.002844058
0.001560967
0.001726059
0.001329292
0.001745616
0.002196243
0.003505396
0.003638719
0.002221315
0.003791844
0.003006476
0.001684319
0.003496335
0.000741705
0.003474613
0.00289677
0.003638743
0.002775468
0.00232309
0.001254414
0.003040957
